
 >>>>>>>>>>> Ejemplar: 
   [1, 2, 52, 103, 152, 53, 102, 153, 3, 155, 54, 104, 154, 4, 156, 5, 8, 55, 158, 62, 105, 157, 6, 9, 56, 159, 63, 106, 7, 10, 57, 160, 64, 107, 58, 108, 11, 161, 65, 59, 109, 12, 112, 66, 60, 110, 13, 113, 61, 111, 14, 67, 162, 114, 15, 68, 163, 115, 16, 69, 164, 116, 70, 165, 17, 73, 71, 166, 18, 74, 117, 72, 167, 173, 19, 75, 80, 118, 168, 174, 20, 76, 81, 119, 169, 175, 21, 77, 82, 120, 170, 176, 22, 83, 23, 78, 121, 123, 171, 79, 177, 24, 84, 122, 124, 172, 178, 25, 85, 125, 179, 26, 86, 126, 27, 87, 127, 28, 128, 29, 30, 38, 129, 180, 31, 130, 39, 181, 32, 131, 40, 182, 33, 132, 41, 183, 34, 133, 42, 184, 35, 134, 43, 185, 36, 135, 44, 186, 37, 136, 45, 187, 137, 46, 138, 88, 188, 139, 89, 189, 140, 90, 190, 141, 91, 191, 142, 92, 192, 143, 93, 193, 144, 94, 194, 145, 95, 195, 146, 96, 196, 197, 147, 97, 47, 198, 148, 98, 48, 199, 149, 99, 49, 200, 150, 100, 50, 201, 151, 101, 51, 202]
    [0, 0, 0, 0, 0, 1, 1, 1, 1, 2, 2, 2, 3, 3, 4, 4, 5, 5, 5, 6, 6, 6, 6, 7, 7, 7, 8, 8, 8, 9, 9, 9, 10, 10, 11, 11, 11, 11, 12, 13, 13, 13, 14, 14, 15, 15, 15, 16, 16, 17, 17, 18, 18, 18, 18, 19, 19, 19, 19, 20, 20, 20, 21, 21, 21, 22, 23, 23, 23, 24, 24, 25, 25, 26, 26, 26, 27, 27, 27, 28, 28, 28, 29, 29, 29, 30, 30, 30, 31, 31, 31, 32, 32, 32, 33, 33, 33, 34, 34, 34, 35, 35, 35, 35, 36, 36, 37, 37, 37, 37, 38, 38, 38, 38, 39, 39, 39, 40, 40, 41, 42, 43, 43, 43, 44, 44, 45, 45, 46, 46, 47, 47, 48, 48, 49, 49, 50, 50, 51, 51, 52, 52, 53, 53, 54, 54, 55, 55, 56, 56, 57, 57, 57, 58, 58, 58, 58, 59, 59, 59, 60, 60, 60, 61, 61, 61, 62, 62, 62, 63, 63, 63, 64, 64, 64, 65, 65, 65, 66, 66, 66, 67, 67, 67, 67, 68, 68, 68, 68, 69, 69, 69, 69, 70, 70, 70, 70, 71, 71, 71, 71, 72]
Costo: 72 Semilla: 133 Tiempo: 6:6:7 hh:mm:ss Iteraciones: 400 Temperatura: 2000 Epsilon: 0.95 Decremento: 0.001
 >>>>>>>>>>> Ejemplar: 
   [1, 2, 52, 103, 152, 53, 102, 153, 3, 155, 54, 104, 154, 4, 156, 5, 8, 55, 158, 62, 105, 157, 6, 9, 56, 159, 63, 106, 7, 10, 57, 160, 64, 107, 58, 108, 11, 161, 65, 59, 109, 12, 112, 66, 60, 110, 13, 113, 61, 111, 14, 67, 162, 114, 15, 68, 163, 115, 16, 69, 164, 116, 70, 165, 17, 73, 71, 166, 18, 74, 117, 72, 167, 173, 19, 75, 80, 118, 168, 174, 20, 76, 81, 119, 169, 175, 21, 77, 82, 120, 170, 176, 22, 83, 23, 78, 121, 123, 171, 79, 177, 24, 84, 122, 124, 172, 178, 25, 85, 125, 179, 26, 86, 126, 27, 87, 127, 28, 128, 29, 30, 38, 129, 180, 31, 130, 39, 181, 32, 131, 40, 182, 33, 132, 41, 183, 34, 133, 42, 184, 35, 134, 43, 185, 36, 135, 44, 186, 37, 136, 45, 187, 137, 46, 138, 88, 188, 139, 89, 189, 140, 90, 190, 141, 91, 191, 142, 92, 192, 143, 93, 193, 144, 94, 194, 145, 95, 195, 146, 96, 196, 197, 147, 97, 47, 198, 148, 98, 48, 199, 149, 99, 49, 200, 150, 100, 50, 201, 151, 101, 51, 202]
    [0, 0, 0, 0, 0, 1, 1, 1, 1, 2, 2, 2, 3, 3, 4, 4, 5, 5, 5, 6, 6, 6, 6, 7, 7, 7, 8, 8, 8, 9, 9, 9, 10, 10, 11, 11, 11, 11, 12, 13, 13, 13, 14, 14, 15, 15, 15, 16, 16, 17, 17, 18, 18, 18, 18, 19, 19, 19, 19, 20, 20, 20, 21, 21, 21, 22, 23, 23, 23, 24, 24, 25, 25, 26, 26, 26, 27, 27, 27, 28, 28, 28, 29, 29, 29, 30, 30, 30, 31, 31, 31, 32, 32, 32, 33, 33, 33, 34, 34, 34, 35, 35, 35, 35, 36, 36, 37, 37, 37, 37, 38, 38, 38, 38, 39, 39, 39, 40, 40, 41, 42, 43, 43, 43, 44, 44, 45, 45, 46, 46, 47, 47, 48, 48, 49, 49, 50, 50, 51, 51, 52, 52, 53, 53, 54, 54, 55, 55, 56, 56, 57, 57, 57, 58, 58, 58, 58, 59, 59, 59, 60, 60, 60, 61, 61, 61, 62, 62, 62, 63, 63, 63, 64, 64, 64, 65, 65, 65, 66, 66, 66, 67, 67, 67, 67, 68, 68, 68, 68, 69, 69, 69, 69, 70, 70, 70, 70, 71, 71, 71, 71, 72]
Costo: 72 Semilla: 133 Tiempo: 1:57:29 hh:mm:ss Iteraciones: 400 Temperatura: 2000 Epsilon: 0.95 Decremento: 0.001
 >>>>>>>>>>> Ejemplar: 
   [1, 2, 103, 53, 155, 52, 3, 156, 54, 104, 4, 152, 5, 105, 55, 153, 102, 56, 8, 154, 106, 57, 6, 107, 62, 9, 158, 7, 159, 63, 108, 10, 160, 109, 64, 157, 11, 110, 65, 58, 12, 161, 111, 13, 59, 162, 112, 113, 14, 163, 66, 114, 164, 15, 60, 67, 115, 165, 166, 16, 116, 68, 61, 167, 117, 17, 18, 168, 118, 73, 74, 19, 20, 21, 119, 75, 120, 22, 69, 23, 70, 71, 24, 72, 25, 123, 26, 76, 173, 80, 169, 27, 124, 77, 28, 125, 174, 29, 175, 81, 126, 121, 30, 170, 78, 176, 127, 82, 177, 83, 128, 31, 84, 171, 129, 85, 122, 178, 172, 79, 179, 86, 180, 87, 130, 131, 38, 181, 32, 182, 132, 133, 39, 183, 184, 33, 134, 40, 135, 34, 136, 41, 185, 137, 35, 88, 36, 89, 90, 37, 42, 188, 91, 138, 43, 139, 189, 92, 190, 140, 44, 93, 45, 141, 94, 186, 191, 95, 142, 46, 192, 143, 96, 144, 193, 194, 145, 146, 195, 187, 196, 197, 47, 147, 97, 148, 48, 198, 98, 199, 149, 99, 49, 200, 50, 100, 150, 101, 201, 51, 151, 202]
    [0, 0, 0, 0, 1, 1, 1, 2, 2, 2, 2, 3, 3, 3, 3, 4, 4, 4, 4, 5, 5, 5, 5, 6, 6, 6, 6, 7, 7, 7, 7, 8, 8, 8, 8, 9, 9, 9, 9, 10, 10, 10, 10, 11, 11, 11, 11, 12, 12, 12, 12, 13, 13, 13, 13, 14, 14, 14, 15, 15, 15, 15, 16, 16, 16, 16, 17, 17, 17, 17, 18, 18, 19, 20, 20, 20, 21, 21, 21, 22, 22, 23, 23, 24, 24, 25, 25, 25, 25, 26, 26, 26, 26, 27, 27, 27, 27, 28, 28, 28, 28, 29, 29, 29, 29, 30, 30, 30, 31, 31, 31, 31, 32, 32, 32, 33, 33, 33, 34, 34, 35, 35, 36, 36, 36, 37, 37, 37, 38, 38, 38, 39, 39, 39, 40, 40, 40, 41, 41, 42, 42, 43, 43, 43, 44, 44, 45, 45, 46, 46, 47, 47, 47, 47, 48, 48, 48, 48, 49, 49, 49, 49, 50, 50, 50, 50, 51, 51, 51, 51, 52, 52, 52, 53, 53, 54, 54, 55, 55, 56, 57, 58, 58, 58, 58, 59, 59, 59, 59, 60, 60, 60, 60, 61, 61, 61, 61, 62, 62, 62, 62, 63]
Costo: 63 Semilla: 133 Tiempo: 0:44:29 hh:mm:ss Iteraciones: 400 Temperatura: 2000 Epsilon: 0.9 Decremento: 0.001
 >>>>>>>>>>> Ejemplar: 
   [1, 2, 3, 52, 5, 30, 102, 53, 55, 152, 103, 105, 153, 155, 4, 162, 31, 167, 6, 112, 54, 56, 154, 104, 106, 156, 163, 168, 113, 7, 32, 57, 173, 107, 117, 157, 164, 169, 108, 8, 158, 33, 62, 114, 12, 58, 174, 118, 165, 170, 34, 109, 159, 9, 63, 115, 13, 59, 175, 119, 166, 171, 110, 160, 35, 10, 64, 116, 176, 14, 60, 120, 172, 111, 161, 36, 11, 65, 15, 61, 17, 67, 177, 130, 121, 188, 37, 23, 66, 16, 18, 68, 178, 131, 122, 189, 24, 123, 19, 69, 179, 132, 190, 25, 124, 20, 70, 133, 191, 26, 125, 21, 71, 134, 192, 27, 126, 22, 72, 73, 135, 80, 193, 28, 127, 74, 136, 81, 194, 29, 128, 75, 137, 82, 195, 129, 76, 83, 196, 77, 84, 78, 85, 79, 86, 147, 180, 87, 148, 181, 38, 149, 182, 39, 150, 183, 40, 151, 184, 41, 185, 42, 186, 43, 187, 138, 44, 88, 139, 45, 89, 140, 46, 47, 90, 141, 48, 91, 142, 49, 92, 143, 50, 93, 144, 51, 94, 145, 95, 146, 96, 197, 97, 198, 98, 199, 99, 200, 100, 201, 101, 202]
    [0, 0, 1, 1, 2, 3, 3, 3, 4, 4, 4, 5, 5, 6, 6, 7, 7, 8, 8, 8, 8, 9, 9, 9, 10, 10, 11, 12, 12, 12, 13, 13, 13, 13, 14, 14, 15, 16, 16, 16, 17, 17, 17, 17, 18, 18, 18, 18, 19, 20, 20, 20, 21, 21, 21, 21, 22, 22, 22, 22, 23, 24, 24, 25, 25, 26, 26, 26, 26, 27, 27, 27, 27, 28, 28, 28, 29, 29, 30, 30, 31, 31, 31, 31, 32, 32, 32, 33, 33, 34, 35, 35, 35, 35, 36, 36, 36, 37, 37, 37, 37, 38, 38, 38, 39, 39, 39, 40, 40, 40, 41, 41, 41, 42, 42, 42, 43, 43, 43, 44, 44, 45, 45, 45, 45, 46, 46, 47, 47, 47, 47, 48, 48, 49, 49, 49, 50, 51, 51, 52, 53, 54, 55, 56, 57, 57, 57, 58, 58, 58, 59, 59, 59, 60, 60, 60, 61, 61, 61, 62, 62, 63, 63, 64, 64, 65, 65, 65, 66, 66, 66, 67, 67, 68, 68, 68, 69, 69, 69, 70, 70, 70, 71, 71, 71, 72, 72, 72, 73, 73, 74, 75, 75, 76, 76, 77, 77, 78, 78, 79, 79, 80]
Costo: 80 Semilla: 133 Tiempo: 4:53:58 hh:mm:ss Iteraciones: 500 Temperatura: 2000 Epsilon: 0.9 Decremento: 0.001
 >>>>>>>>>>> Ejemplar: 
   [1, 2, 52, 53, 102, 153, 103, 152, 3, 155, 54, 104, 154, 4, 156, 5, 8, 55, 158, 62, 105, 157, 6, 9, 56, 159, 63, 106, 7, 10, 57, 160, 64, 107, 58, 108, 11, 161, 65, 59, 109, 12, 112, 66, 60, 110, 13, 113, 61, 111, 14, 67, 162, 114, 15, 68, 163, 115, 16, 69, 164, 116, 70, 165, 17, 73, 71, 166, 18, 74, 117, 72, 167, 173, 19, 75, 80, 118, 168, 174, 20, 76, 81, 119, 169, 175, 21, 77, 82, 120, 22, 170, 176, 23, 78, 123, 83, 121, 171, 177, 24, 79, 84, 172, 122, 124, 178, 25, 85, 125, 179, 26, 86, 126, 27, 87, 127, 28, 128, 29, 30, 38, 129, 180, 31, 130, 39, 181, 32, 131, 40, 182, 33, 132, 41, 183, 34, 133, 42, 184, 35, 134, 43, 185, 36, 135, 44, 186, 37, 136, 45, 187, 137, 46, 138, 88, 188, 139, 89, 189, 140, 90, 190, 141, 91, 191, 142, 92, 192, 143, 93, 193, 144, 94, 194, 145, 95, 195, 146, 96, 196, 197, 147, 97, 47, 198, 148, 98, 48, 199, 149, 99, 49, 200, 150, 100, 50, 201, 151, 101, 51, 202]
    [0, 0, 0, 1, 1, 1, 2, 2, 2, 3, 3, 3, 4, 4, 5, 5, 6, 6, 6, 7, 7, 7, 7, 8, 8, 8, 9, 9, 9, 10, 10, 10, 11, 11, 12, 12, 12, 12, 13, 14, 14, 14, 15, 15, 16, 16, 16, 17, 17, 18, 18, 19, 19, 19, 19, 20, 20, 20, 20, 21, 21, 21, 22, 22, 22, 23, 24, 24, 24, 25, 25, 26, 26, 27, 27, 27, 28, 28, 28, 29, 29, 29, 30, 30, 30, 31, 31, 31, 32, 32, 32, 32, 33, 33, 33, 33, 34, 34, 34, 35, 35, 35, 36, 36, 36, 37, 37, 37, 37, 38, 38, 38, 38, 39, 39, 39, 40, 40, 41, 41, 42, 43, 43, 43, 44, 44, 45, 45, 46, 46, 47, 47, 48, 48, 49, 49, 50, 50, 51, 51, 52, 52, 53, 53, 54, 54, 55, 55, 56, 56, 57, 57, 57, 58, 58, 58, 58, 59, 59, 59, 60, 60, 60, 61, 61, 61, 62, 62, 62, 63, 63, 63, 64, 64, 64, 65, 65, 65, 66, 66, 66, 67, 67, 67, 67, 68, 68, 68, 68, 69, 69, 69, 69, 70, 70, 70, 70, 71, 71, 71, 71, 72]
Costo: 72 Semilla: 6 Tiempo: 9:44:2 hh:mm:ss Iteraciones: 300 Temperatura: 2000 Epsilon: 0.9 Decremento: 0.001
 >>>>>>>>>>> Ejemplar: 
   [1, 2, 102, 52, 152, 53, 103, 153, 3, 155, 54, 104, 154, 4, 156, 5, 8, 55, 158, 62, 105, 157, 6, 9, 56, 159, 63, 106, 7, 10, 57, 160, 64, 107, 58, 108, 11, 161, 65, 59, 109, 112, 12, 60, 66, 110, 13, 113, 61, 111, 14, 67, 162, 114, 15, 68, 163, 115, 16, 69, 164, 116, 70, 165, 17, 73, 71, 166, 18, 74, 167, 117, 72, 173, 19, 75, 80, 118, 168, 174, 20, 76, 81, 119, 169, 175, 21, 77, 82, 120, 22, 170, 176, 23, 78, 123, 83, 121, 171, 177, 24, 122, 79, 84, 124, 172, 178, 25, 85, 125, 179, 26, 86, 87, 126, 27, 127, 28, 128, 29, 30, 38, 129, 180, 31, 130, 39, 181, 32, 131, 40, 182, 33, 132, 41, 183, 34, 133, 42, 184, 35, 134, 43, 185, 36, 135, 44, 186, 37, 136, 45, 187, 137, 46, 138, 88, 188, 139, 89, 189, 140, 90, 190, 141, 91, 191, 142, 92, 192, 143, 93, 193, 144, 94, 194, 145, 95, 195, 146, 96, 196, 197, 147, 97, 47, 198, 148, 98, 48, 199, 149, 99, 49, 200, 150, 100, 50, 201, 151, 101, 51, 202]
    [0, 0, 0, 0, 0, 1, 1, 1, 1, 2, 2, 2, 3, 3, 4, 4, 5, 5, 5, 6, 6, 6, 6, 7, 7, 7, 8, 8, 8, 9, 9, 9, 10, 10, 11, 11, 11, 11, 12, 13, 13, 14, 14, 14, 15, 15, 15, 16, 16, 17, 17, 18, 18, 18, 18, 19, 19, 19, 19, 20, 20, 20, 21, 21, 21, 22, 23, 23, 23, 24, 24, 24, 25, 26, 26, 26, 27, 27, 27, 28, 28, 28, 29, 29, 29, 30, 30, 30, 31, 31, 31, 31, 32, 32, 32, 32, 33, 33, 33, 34, 34, 34, 34, 35, 35, 35, 36, 36, 36, 36, 37, 37, 37, 38, 38, 38, 39, 39, 40, 40, 41, 42, 42, 42, 43, 43, 44, 44, 45, 45, 46, 46, 47, 47, 48, 48, 49, 49, 50, 50, 51, 51, 52, 52, 53, 53, 54, 54, 55, 55, 56, 56, 56, 57, 57, 57, 57, 58, 58, 58, 59, 59, 59, 60, 60, 60, 61, 61, 61, 62, 62, 62, 63, 63, 63, 64, 64, 64, 65, 65, 65, 66, 66, 66, 66, 67, 67, 67, 67, 68, 68, 68, 68, 69, 69, 69, 69, 70, 70, 70, 70, 71]
Costo: 71 Semilla: 61 Tiempo: 0:27:43 hh:mm:ss Iteraciones: 300 Temperatura: 2000 Epsilon: 0.9 Decremento: 0.001
 >>>>>>>>>>> Ejemplar: 
   [1, 2, 102, 52, 152, 153, 53, 103, 3, 155, 54, 4, 104, 5, 154, 156, 55, 8, 158, 62, 105, 6, 157, 9, 56, 106, 7, 159, 63, 10, 57, 64, 107, 160, 58, 11, 161, 108, 109, 65, 59, 12, 112, 110, 66, 60, 13, 113, 111, 14, 61, 67, 162, 114, 15, 163, 115, 68, 164, 16, 69, 70, 165, 116, 17, 73, 71, 166, 117, 18, 74, 72, 167, 173, 19, 75, 118, 168, 80, 174, 20, 76, 21, 81, 119, 169, 175, 77, 82, 120, 22, 170, 176, 23, 78, 123, 171, 83, 121, 122, 177, 24, 79, 84, 124, 25, 172, 178, 85, 125, 26, 179, 27, 126, 86, 87, 127, 28, 128, 29, 129, 30, 38, 180, 31, 130, 39, 131, 181, 32, 40, 33, 132, 182, 41, 183, 34, 133, 134, 184, 42, 35, 43, 185, 36, 135, 44, 186, 37, 187, 136, 45, 137, 88, 46, 138, 188, 89, 189, 139, 140, 90, 190, 191, 141, 91, 142, 92, 192, 143, 93, 193, 144, 94, 194, 195, 145, 95, 96, 196, 146, 97, 47, 197, 147, 198, 148, 98, 48, 199, 49, 149, 99, 50, 200, 100, 150, 201, 51, 151, 101, 202]
    [0, 0, 0, 0, 0, 1, 1, 1, 1, 2, 2, 2, 2, 3, 3, 4, 4, 4, 5, 5, 5, 5, 6, 6, 6, 6, 7, 7, 7, 8, 8, 9, 9, 9, 10, 10, 10, 10, 11, 11, 12, 12, 12, 13, 13, 14, 14, 14, 15, 15, 15, 16, 16, 16, 16, 17, 17, 17, 18, 18, 18, 19, 19, 19, 20, 20, 21, 21, 22, 22, 22, 23, 23, 24, 24, 24, 24, 25, 25, 26, 26, 26, 27, 27, 27, 27, 28, 28, 29, 29, 29, 29, 30, 30, 30, 30, 31, 31, 31, 32, 32, 32, 32, 33, 33, 33, 33, 34, 34, 34, 34, 35, 35, 35, 35, 36, 36, 36, 37, 37, 38, 38, 39, 39, 40, 40, 41, 41, 41, 42, 43, 44, 44, 44, 45, 45, 46, 46, 47, 47, 47, 48, 49, 49, 50, 50, 51, 51, 52, 52, 52, 53, 53, 54, 54, 54, 54, 55, 55, 55, 56, 56, 56, 57, 57, 57, 58, 58, 58, 59, 59, 59, 60, 60, 60, 61, 61, 61, 62, 62, 62, 63, 63, 63, 63, 64, 64, 64, 64, 65, 65, 65, 65, 66, 66, 66, 66, 67, 67, 67, 67, 68]
Costo: 68 Semilla: 61 Tiempo: 0:25:58 hh:mm:ss Iteraciones: 300 Temperatura: 2000 Epsilon: 0.9 Decremento: 0.001
 >>>>>>>>>>> Ejemplar: 
   [1, 2, 52, 53, 102, 153, 103, 152, 3, 104, 4, 54, 155, 5, 154, 156, 8, 55, 158, 62, 6, 105, 157, 106, 9, 56, 159, 63, 7, 10, 57, 160, 161, 64, 107, 58, 11, 108, 65, 109, 12, 13, 59, 112, 66, 110, 60, 113, 61, 111, 14, 67, 15, 162, 114, 115, 68, 163, 16, 116, 69, 164, 70, 165, 17, 73, 18, 71, 166, 74, 167, 117, 72, 75, 173, 19, 118, 20, 80, 168, 174, 76, 119, 169, 21, 81, 175, 77, 22, 170, 82, 23, 120, 176, 121, 78, 123, 83, 24, 171, 79, 177, 122, 84, 172, 25, 124, 178, 85, 125, 26, 86, 179, 126, 27, 28, 87, 127, 128, 29, 129, 30, 130, 180, 38, 31, 131, 39, 32, 181, 40, 132, 182, 33, 41, 133, 183, 184, 34, 134, 42, 185, 35, 43, 135, 136, 36, 186, 44, 37, 137, 45, 138, 187, 46, 88, 188, 139, 89, 189, 140, 90, 190, 91, 191, 141, 192, 142, 92, 143, 93, 193, 194, 144, 94, 195, 145, 95, 196, 146, 96, 197, 97, 47, 147, 198, 48, 148, 98, 199, 149, 99, 49, 200, 150, 100, 50, 201, 101, 51, 151, 202]
    [0, 0, 0, 1, 1, 1, 2, 2, 2, 3, 3, 3, 3, 4, 4, 5, 5, 5, 6, 6, 6, 6, 7, 7, 7, 7, 8, 8, 8, 9, 9, 9, 10, 10, 10, 11, 11, 11, 12, 12, 12, 13, 13, 13, 14, 14, 15, 15, 16, 16, 16, 17, 17, 17, 17, 18, 18, 18, 18, 19, 19, 19, 20, 20, 20, 21, 21, 22, 22, 23, 23, 23, 24, 25, 25, 25, 25, 26, 26, 26, 27, 27, 27, 28, 28, 28, 29, 29, 29, 30, 30, 30, 30, 31, 31, 31, 32, 32, 32, 32, 33, 33, 33, 34, 34, 34, 34, 35, 35, 35, 35, 36, 36, 36, 36, 37, 37, 37, 38, 38, 39, 39, 40, 40, 40, 41, 41, 42, 43, 43, 44, 44, 44, 45, 46, 46, 46, 47, 47, 47, 48, 48, 49, 50, 50, 51, 51, 51, 52, 53, 53, 54, 54, 54, 55, 55, 55, 55, 56, 56, 56, 57, 57, 58, 58, 58, 59, 59, 59, 60, 60, 60, 61, 61, 61, 62, 62, 62, 63, 63, 63, 64, 64, 64, 64, 65, 65, 65, 65, 66, 66, 66, 66, 67, 67, 67, 67, 68, 68, 68, 68, 69]
Costo: 69 Semilla: 8 Tiempo: 0:13:43 hh:mm:ss Iteraciones: 400 Temperatura: 2000 Epsilon: 0.9 Decremento: 0.001
 >>>>>>>>>>> Ejemplar: 
   [1, 2, 52, 53, 152, 102, 103, 153, 3, 155, 54, 104, 154, 4, 156, 5, 8, 55, 158, 62, 105, 157, 6, 9, 56, 159, 63, 106, 7, 10, 57, 160, 64, 107, 58, 108, 11, 161, 65, 59, 109, 12, 112, 66, 60, 110, 13, 113, 61, 111, 14, 67, 162, 114, 15, 68, 163, 115, 16, 69, 164, 116, 70, 165, 17, 73, 71, 166, 18, 74, 117, 72, 167, 173, 19, 75, 80, 118, 168, 174, 20, 76, 81, 119, 169, 175, 21, 77, 82, 120, 170, 176, 22, 83, 23, 78, 171, 121, 123, 177, 24, 79, 84, 122, 178, 124, 172, 25, 85, 125, 179, 26, 86, 126, 27, 87, 127, 28, 128, 29, 30, 38, 129, 180, 31, 130, 39, 181, 32, 131, 40, 182, 33, 132, 41, 183, 34, 133, 42, 184, 35, 134, 43, 185, 36, 135, 44, 186, 37, 136, 45, 187, 137, 46, 138, 88, 188, 139, 89, 189, 140, 90, 190, 141, 91, 191, 142, 92, 192, 143, 93, 193, 144, 94, 194, 145, 95, 195, 146, 96, 196, 197, 147, 97, 47, 198, 148, 98, 48, 199, 149, 99, 49, 200, 150, 100, 50, 201, 151, 101, 51, 202]
    [0, 0, 0, 1, 1, 1, 2, 2, 2, 3, 3, 3, 4, 4, 5, 5, 6, 6, 6, 7, 7, 7, 7, 8, 8, 8, 9, 9, 9, 10, 10, 10, 11, 11, 12, 12, 12, 12, 13, 14, 14, 14, 15, 15, 16, 16, 16, 17, 17, 18, 18, 19, 19, 19, 19, 20, 20, 20, 20, 21, 21, 21, 22, 22, 22, 23, 24, 24, 24, 25, 25, 26, 26, 27, 27, 27, 28, 28, 28, 29, 29, 29, 30, 30, 30, 31, 31, 31, 32, 32, 32, 33, 33, 33, 34, 34, 34, 34, 35, 35, 35, 35, 36, 36, 36, 37, 37, 37, 37, 38, 38, 38, 38, 39, 39, 39, 40, 40, 41, 41, 42, 43, 43, 43, 44, 44, 45, 45, 46, 46, 47, 47, 48, 48, 49, 49, 50, 50, 51, 51, 52, 52, 53, 53, 54, 54, 55, 55, 56, 56, 57, 57, 57, 58, 58, 58, 58, 59, 59, 59, 60, 60, 60, 61, 61, 61, 62, 62, 62, 63, 63, 63, 64, 64, 64, 65, 65, 65, 66, 66, 66, 67, 67, 67, 67, 68, 68, 68, 68, 69, 69, 69, 69, 70, 70, 70, 70, 71, 71, 71, 71, 72]
Costo: 72 Semilla: 18 Tiempo: 0:29:14 hh:mm:ss Iteraciones: 400 Temperatura: 2000 Epsilon: 0.9 Decremento: 0.001
 >>>>>>>>>>> Ejemplar: 
   [1, 2, 52, 103, 53, 102, 152, 153, 3, 155, 54, 104, 154, 4, 156, 5, 8, 55, 158, 62, 105, 157, 6, 9, 56, 159, 63, 106, 7, 10, 57, 160, 64, 107, 58, 108, 11, 161, 65, 59, 109, 12, 112, 66, 60, 110, 13, 113, 61, 111, 14, 67, 162, 114, 15, 68, 163, 115, 16, 69, 164, 116, 70, 165, 17, 73, 71, 166, 18, 74, 117, 72, 167, 173, 19, 75, 80, 118, 168, 174, 20, 76, 81, 119, 169, 175, 21, 77, 82, 120, 170, 176, 22, 83, 23, 78, 121, 177, 123, 171, 24, 79, 84, 172, 122, 124, 178, 25, 85, 125, 179, 26, 86, 126, 27, 87, 127, 28, 128, 29, 30, 38, 129, 180, 31, 130, 39, 181, 32, 131, 40, 182, 33, 132, 41, 183, 34, 133, 42, 184, 35, 134, 43, 185, 36, 135, 44, 186, 37, 136, 45, 187, 137, 46, 138, 88, 188, 139, 89, 189, 140, 90, 190, 141, 91, 191, 142, 92, 192, 143, 93, 193, 144, 94, 194, 145, 95, 195, 146, 96, 196, 197, 147, 97, 47, 198, 148, 98, 48, 199, 149, 99, 49, 200, 150, 100, 50, 201, 151, 101, 51, 202]
    [0, 0, 0, 0, 1, 1, 1, 2, 2, 3, 3, 3, 4, 4, 5, 5, 6, 6, 6, 7, 7, 7, 7, 8, 8, 8, 9, 9, 9, 10, 10, 10, 11, 11, 12, 12, 12, 12, 13, 14, 14, 14, 15, 15, 16, 16, 16, 17, 17, 18, 18, 19, 19, 19, 19, 20, 20, 20, 20, 21, 21, 21, 22, 22, 22, 23, 24, 24, 24, 25, 25, 26, 26, 27, 27, 27, 28, 28, 28, 29, 29, 29, 30, 30, 30, 31, 31, 31, 32, 32, 32, 33, 33, 33, 34, 34, 34, 34, 35, 35, 35, 35, 36, 36, 36, 37, 37, 37, 37, 38, 38, 38, 38, 39, 39, 39, 40, 40, 41, 41, 42, 43, 43, 43, 44, 44, 45, 45, 46, 46, 47, 47, 48, 48, 49, 49, 50, 50, 51, 51, 52, 52, 53, 53, 54, 54, 55, 55, 56, 56, 57, 57, 57, 58, 58, 58, 58, 59, 59, 59, 60, 60, 60, 61, 61, 61, 62, 62, 62, 63, 63, 63, 64, 64, 64, 65, 65, 65, 66, 66, 66, 67, 67, 67, 67, 68, 68, 68, 68, 69, 69, 69, 69, 70, 70, 70, 70, 71, 71, 71, 71, 72]
Costo: 72 Semilla: 9 Tiempo: 0:12:16 hh:mm:ss Iteraciones: 400 Temperatura: 2000 Epsilon: 0.9 Decremento: 0.001
 >>>>>>>>>>> Ejemplar: 
   [1, 2, 52, 103, 152, 53, 102, 153, 3, 155, 54, 104, 154, 4, 156, 5, 8, 55, 158, 62, 105, 157, 6, 9, 56, 159, 63, 106, 7, 10, 57, 160, 64, 107, 58, 108, 11, 161, 65, 59, 109, 12, 112, 66, 60, 110, 13, 113, 61, 111, 14, 67, 162, 114, 15, 68, 163, 115, 16, 69, 164, 116, 70, 165, 17, 73, 71, 166, 18, 74, 117, 72, 167, 173, 19, 75, 80, 118, 168, 174, 20, 76, 81, 119, 169, 175, 21, 77, 82, 120, 22, 170, 176, 123, 23, 78, 83, 121, 171, 177, 24, 122, 79, 84, 124, 172, 178, 25, 85, 125, 179, 26, 86, 126, 27, 87, 127, 28, 128, 29, 30, 38, 129, 180, 31, 130, 39, 181, 32, 131, 40, 182, 33, 132, 41, 183, 34, 133, 42, 184, 35, 134, 43, 185, 36, 135, 44, 186, 37, 136, 45, 187, 137, 46, 138, 88, 188, 139, 89, 189, 140, 90, 190, 141, 91, 191, 142, 92, 192, 143, 93, 193, 144, 94, 194, 145, 95, 195, 146, 96, 196, 197, 147, 97, 198, 148, 47, 98, 48, 199, 149, 99, 49, 200, 100, 150, 201, 101, 50, 151, 51, 202]
    [0, 0, 0, 0, 0, 1, 1, 1, 1, 2, 2, 2, 3, 3, 4, 4, 5, 5, 5, 6, 6, 6, 6, 7, 7, 7, 8, 8, 8, 9, 9, 9, 10, 10, 11, 11, 11, 11, 12, 13, 13, 13, 14, 14, 15, 15, 15, 16, 16, 17, 17, 18, 18, 18, 18, 19, 19, 19, 19, 20, 20, 20, 21, 21, 21, 22, 23, 23, 23, 24, 24, 25, 25, 26, 26, 26, 27, 27, 27, 28, 28, 28, 29, 29, 29, 30, 30, 30, 31, 31, 31, 31, 32, 32, 32, 32, 33, 33, 33, 34, 34, 34, 34, 35, 35, 35, 36, 36, 36, 36, 37, 37, 37, 37, 38, 38, 38, 39, 39, 40, 41, 42, 42, 42, 43, 43, 44, 44, 45, 45, 46, 46, 47, 47, 48, 48, 49, 49, 50, 50, 51, 51, 52, 52, 53, 53, 54, 54, 55, 55, 56, 56, 56, 57, 57, 57, 57, 58, 58, 58, 59, 59, 59, 60, 60, 60, 61, 61, 61, 62, 62, 62, 63, 63, 63, 64, 64, 64, 65, 65, 65, 66, 66, 66, 67, 67, 67, 67, 68, 68, 68, 68, 69, 69, 69, 69, 70, 70, 70, 70, 71, 72]
Costo: 72 Semilla: 29 Tiempo: 0:18:22 hh:mm:ss Iteraciones: 400 Temperatura: 2000 Epsilon: 0.9 Decremento: 0.001
 >>>>>>>>>>> Ejemplar: 
   [1, 2, 52, 53, 102, 103, 152, 153, 3, 155, 54, 104, 154, 4, 156, 5, 8, 55, 158, 62, 105, 157, 6, 9, 56, 159, 63, 106, 7, 10, 57, 160, 64, 107, 58, 108, 11, 161, 65, 59, 109, 12, 112, 66, 60, 110, 13, 113, 61, 111, 14, 67, 162, 114, 15, 68, 163, 115, 16, 69, 164, 116, 70, 165, 17, 73, 71, 166, 18, 74, 117, 72, 167, 173, 19, 75, 80, 118, 168, 174, 20, 76, 81, 119, 169, 175, 21, 77, 82, 120, 170, 176, 22, 23, 78, 123, 83, 121, 171, 177, 24, 122, 79, 84, 124, 172, 178, 25, 85, 125, 179, 26, 86, 126, 27, 87, 127, 28, 128, 29, 30, 38, 129, 180, 31, 130, 39, 181, 32, 131, 40, 182, 33, 132, 41, 183, 34, 133, 42, 184, 35, 134, 43, 185, 36, 135, 44, 136, 186, 37, 45, 187, 137, 46, 138, 88, 188, 139, 89, 189, 140, 90, 190, 141, 91, 191, 142, 92, 192, 143, 93, 193, 144, 94, 194, 145, 95, 195, 146, 96, 196, 197, 147, 97, 47, 198, 148, 98, 48, 199, 149, 99, 49, 200, 150, 100, 50, 201, 151, 101, 51, 202]
    [0, 0, 0, 1, 1, 2, 2, 3, 3, 4, 4, 4, 5, 5, 6, 6, 7, 7, 7, 8, 8, 8, 8, 9, 9, 9, 10, 10, 10, 11, 11, 11, 12, 12, 13, 13, 13, 13, 14, 15, 15, 15, 16, 16, 17, 17, 17, 18, 18, 19, 19, 20, 20, 20, 20, 21, 21, 21, 21, 22, 22, 22, 23, 23, 23, 24, 25, 25, 25, 26, 26, 27, 27, 28, 28, 28, 29, 29, 29, 30, 30, 30, 31, 31, 31, 32, 32, 32, 33, 33, 33, 34, 34, 35, 35, 35, 36, 36, 36, 37, 37, 37, 37, 38, 38, 38, 39, 39, 39, 39, 40, 40, 40, 40, 41, 41, 41, 42, 42, 43, 44, 45, 45, 45, 46, 46, 47, 47, 48, 48, 49, 49, 50, 50, 51, 51, 52, 52, 53, 53, 54, 54, 55, 55, 56, 56, 57, 57, 57, 58, 59, 59, 59, 60, 60, 60, 60, 61, 61, 61, 62, 62, 62, 63, 63, 63, 64, 64, 64, 65, 65, 65, 66, 66, 66, 67, 67, 67, 68, 68, 68, 69, 69, 69, 69, 70, 70, 70, 70, 71, 71, 71, 71, 72, 72, 72, 72, 73, 73, 73, 73, 74]
Costo: 74 Semilla: 29 Tiempo: 0:8:23 hh:mm:ss Iteraciones: 400 Temperatura: 2000 Epsilon: 0.9 Decremento: 0.001
 >>>>>>>>>>> Ejemplar: 
   [1, 2, 52, 103, 152, 53, 102, 153, 3, 155, 54, 104, 154, 4, 156, 5, 8, 55, 158, 62, 105, 157, 6, 9, 56, 159, 63, 106, 7, 10, 57, 160, 64, 107, 58, 108, 11, 161, 65, 59, 109, 12, 112, 66, 60, 110, 13, 113, 61, 111, 14, 67, 162, 114, 15, 68, 163, 115, 16, 69, 164, 116, 70, 165, 17, 73, 71, 166, 18, 74, 117, 72, 167, 173, 19, 75, 80, 118, 168, 174, 20, 76, 81, 119, 169, 175, 21, 77, 82, 120, 22, 170, 176, 23, 78, 123, 83, 121, 171, 177, 24, 79, 84, 122, 178, 124, 172, 25, 85, 125, 179, 26, 86, 126, 27, 87, 127, 28, 128, 29, 30, 38, 129, 180, 31, 130, 39, 181, 32, 131, 40, 182, 33, 132, 41, 183, 34, 133, 42, 184, 35, 134, 43, 185, 36, 135, 44, 186, 37, 136, 45, 187, 137, 46, 138, 88, 188, 139, 89, 189, 140, 90, 190, 141, 91, 191, 142, 92, 192, 143, 93, 193, 144, 94, 194, 145, 95, 195, 146, 96, 196, 197, 147, 47, 97, 148, 198, 98, 48, 199, 149, 99, 49, 200, 150, 50, 100, 151, 201, 101, 51, 202]
    [0, 0, 0, 0, 0, 1, 1, 1, 1, 2, 2, 2, 3, 3, 4, 4, 5, 5, 5, 6, 6, 6, 6, 7, 7, 7, 8, 8, 8, 9, 9, 9, 10, 10, 11, 11, 11, 11, 12, 13, 13, 13, 14, 14, 15, 15, 15, 16, 16, 17, 17, 18, 18, 18, 18, 19, 19, 19, 19, 20, 20, 20, 21, 21, 21, 22, 23, 23, 23, 24, 24, 25, 25, 26, 26, 26, 27, 27, 27, 28, 28, 28, 29, 29, 29, 30, 30, 30, 31, 31, 31, 31, 32, 32, 32, 32, 33, 33, 33, 34, 34, 34, 35, 35, 35, 36, 36, 36, 36, 37, 37, 37, 37, 38, 38, 38, 39, 39, 40, 40, 41, 42, 42, 42, 43, 43, 44, 44, 45, 45, 46, 46, 47, 47, 48, 48, 49, 49, 50, 50, 51, 51, 52, 52, 53, 53, 54, 54, 55, 55, 56, 56, 56, 57, 57, 57, 57, 58, 58, 58, 59, 59, 59, 60, 60, 60, 61, 61, 61, 62, 62, 62, 63, 63, 63, 64, 64, 64, 65, 65, 65, 66, 66, 66, 66, 67, 67, 67, 67, 68, 68, 68, 68, 69, 69, 69, 69, 70, 70, 70, 70, 71]
Costo: 71 Semilla: 29 Tiempo: 0:20:31 hh:mm:ss Iteraciones: 400 Temperatura: 2000 Epsilon: 0.9 Decremento: 0.001
 >>>>>>>>>>> Ejemplar: 
   [1, 2, 102, 52, 53, 103, 152, 153, 3, 155, 54, 104, 154, 4, 156, 5, 8, 55, 158, 62, 105, 157, 6, 9, 56, 159, 63, 106, 7, 10, 57, 160, 64, 107, 58, 108, 11, 161, 65, 59, 109, 12, 112, 66, 60, 110, 13, 113, 61, 111, 14, 67, 162, 114, 15, 68, 163, 115, 16, 69, 164, 116, 70, 165, 17, 73, 71, 166, 18, 74, 117, 72, 167, 173, 19, 75, 80, 118, 168, 174, 20, 76, 81, 119, 169, 175, 21, 77, 82, 120, 22, 170, 176, 23, 78, 83, 121, 123, 171, 79, 177, 24, 84, 122, 124, 172, 178, 25, 85, 125, 179, 26, 86, 126, 27, 87, 127, 28, 128, 29, 30, 38, 129, 180, 31, 130, 39, 181, 32, 131, 40, 182, 33, 132, 41, 183, 34, 133, 42, 184, 35, 134, 43, 185, 36, 135, 44, 186, 37, 136, 45, 187, 137, 46, 138, 88, 188, 139, 89, 189, 140, 90, 190, 141, 91, 191, 142, 92, 192, 143, 93, 193, 144, 94, 194, 145, 95, 195, 146, 96, 196, 197, 147, 97, 47, 198, 148, 98, 48, 199, 149, 99, 49, 200, 150, 100, 50, 201, 151, 101, 51, 202]
    [0, 0, 0, 0, 1, 1, 1, 2, 2, 3, 3, 3, 4, 4, 5, 5, 6, 6, 6, 7, 7, 7, 7, 8, 8, 8, 9, 9, 9, 10, 10, 10, 11, 11, 12, 12, 12, 12, 13, 14, 14, 14, 15, 15, 16, 16, 16, 17, 17, 18, 18, 19, 19, 19, 19, 20, 20, 20, 20, 21, 21, 21, 22, 22, 22, 23, 24, 24, 24, 25, 25, 26, 26, 27, 27, 27, 28, 28, 28, 29, 29, 29, 30, 30, 30, 31, 31, 31, 32, 32, 32, 32, 33, 33, 33, 34, 34, 35, 35, 35, 36, 36, 36, 36, 37, 37, 38, 38, 38, 38, 39, 39, 39, 39, 40, 40, 40, 41, 41, 42, 43, 44, 44, 44, 45, 45, 46, 46, 47, 47, 48, 48, 49, 49, 50, 50, 51, 51, 52, 52, 53, 53, 54, 54, 55, 55, 56, 56, 57, 57, 58, 58, 58, 59, 59, 59, 59, 60, 60, 60, 61, 61, 61, 62, 62, 62, 63, 63, 63, 64, 64, 64, 65, 65, 65, 66, 66, 66, 67, 67, 67, 68, 68, 68, 68, 69, 69, 69, 69, 70, 70, 70, 70, 71, 71, 71, 71, 72, 72, 72, 72, 73]
Costo: 73 Semilla: 219 Tiempo: 0:37:58 hh:mm:ss Iteraciones: 400 Temperatura: 2000 Epsilon: 0.9 Decremento: 0.001
 >>>>>>>>>>> Ejemplar: 
   [1, 2, 52, 53, 102, 153, 103, 152, 3, 155, 54, 104, 154, 4, 156, 5, 8, 55, 158, 62, 105, 157, 6, 9, 56, 159, 63, 106, 7, 10, 57, 160, 64, 107, 58, 108, 11, 161, 65, 59, 109, 12, 112, 66, 60, 110, 13, 113, 61, 111, 14, 67, 162, 114, 15, 68, 163, 115, 16, 69, 164, 116, 70, 165, 17, 73, 71, 166, 18, 74, 117, 72, 167, 173, 19, 75, 80, 118, 168, 174, 20, 76, 81, 119, 169, 175, 21, 77, 82, 120, 170, 176, 22, 83, 23, 78, 121, 177, 123, 171, 24, 79, 84, 122, 178, 124, 172, 25, 85, 125, 179, 26, 86, 126, 27, 87, 127, 28, 128, 29, 30, 38, 129, 180, 31, 130, 39, 181, 32, 131, 40, 182, 33, 132, 41, 183, 34, 133, 42, 184, 35, 134, 43, 185, 36, 135, 44, 186, 37, 136, 45, 187, 137, 46, 138, 88, 188, 139, 89, 189, 140, 90, 190, 141, 91, 191, 142, 92, 192, 143, 93, 193, 144, 94, 194, 145, 95, 195, 146, 96, 196, 197, 147, 97, 47, 198, 148, 98, 48, 199, 149, 99, 49, 200, 150, 100, 50, 201, 151, 101, 51, 202]
    [0, 0, 0, 1, 1, 1, 2, 2, 2, 3, 3, 3, 4, 4, 5, 5, 6, 6, 6, 7, 7, 7, 7, 8, 8, 8, 9, 9, 9, 10, 10, 10, 11, 11, 12, 12, 12, 12, 13, 14, 14, 14, 15, 15, 16, 16, 16, 17, 17, 18, 18, 19, 19, 19, 19, 20, 20, 20, 20, 21, 21, 21, 22, 22, 22, 23, 24, 24, 24, 25, 25, 26, 26, 27, 27, 27, 28, 28, 28, 29, 29, 29, 30, 30, 30, 31, 31, 31, 32, 32, 32, 33, 33, 33, 34, 34, 34, 34, 35, 35, 35, 35, 36, 36, 36, 37, 37, 37, 37, 38, 38, 38, 38, 39, 39, 39, 40, 40, 41, 41, 42, 43, 43, 43, 44, 44, 45, 45, 46, 46, 47, 47, 48, 48, 49, 49, 50, 50, 51, 51, 52, 52, 53, 53, 54, 54, 55, 55, 56, 56, 57, 57, 57, 58, 58, 58, 58, 59, 59, 59, 60, 60, 60, 61, 61, 61, 62, 62, 62, 63, 63, 63, 64, 64, 64, 65, 65, 65, 66, 66, 66, 67, 67, 67, 67, 68, 68, 68, 68, 69, 69, 69, 69, 70, 70, 70, 70, 71, 71, 71, 71, 72]
Costo: 72 Semilla: 2191 Tiempo: 0:17:8 hh:mm:ss Iteraciones: 400 Temperatura: 2000 Epsilon: 0.9 Decremento: 0.001
 >>>>>>>>>>> Ejemplar: 
   [1, 2, 52, 102, 103, 53, 152, 153, 3, 155, 54, 104, 154, 4, 156, 5, 8, 55, 158, 62, 105, 157, 6, 9, 56, 159, 63, 106, 7, 10, 57, 160, 64, 107, 58, 108, 11, 161, 65, 59, 109, 12, 112, 66, 60, 110, 13, 113, 61, 111, 14, 67, 162, 114, 15, 68, 163, 115, 16, 69, 164, 116, 70, 165, 17, 73, 71, 166, 18, 74, 117, 72, 167, 19, 75, 173, 80, 168, 174, 118, 20, 76, 81, 119, 169, 175, 21, 77, 120, 170, 82, 176, 22, 78, 83, 23, 123, 171, 121, 177, 24, 79, 84, 124, 172, 122, 178, 25, 85, 125, 179, 26, 86, 126, 27, 87, 127, 28, 128, 29, 30, 38, 129, 180, 31, 130, 39, 181, 32, 131, 40, 182, 33, 132, 41, 183, 34, 133, 42, 184, 35, 134, 43, 185, 36, 135, 44, 186, 37, 136, 45, 187, 137, 46, 88, 188, 138, 139, 89, 189, 140, 90, 190, 141, 91, 191, 142, 92, 192, 143, 93, 193, 144, 94, 194, 145, 95, 195, 146, 96, 196, 197, 47, 198, 147, 97, 148, 98, 48, 199, 149, 99, 49, 200, 150, 100, 50, 201, 151, 101, 51, 202]
    [0, 0, 0, 0, 1, 1, 1, 2, 2, 3, 3, 3, 4, 4, 5, 5, 6, 6, 6, 7, 7, 7, 7, 8, 8, 8, 9, 9, 9, 10, 10, 10, 11, 11, 12, 12, 12, 12, 13, 14, 14, 14, 15, 15, 16, 16, 16, 17, 17, 18, 18, 19, 19, 19, 19, 20, 20, 20, 20, 21, 21, 21, 22, 22, 22, 23, 24, 24, 24, 25, 25, 26, 26, 26, 27, 27, 28, 28, 29, 29, 29, 29, 30, 30, 30, 31, 31, 31, 31, 32, 32, 33, 33, 33, 34, 34, 34, 34, 35, 35, 35, 35, 36, 36, 36, 37, 37, 37, 37, 38, 38, 38, 38, 39, 39, 39, 40, 40, 41, 41, 42, 43, 43, 43, 44, 44, 45, 45, 46, 46, 47, 47, 48, 48, 49, 49, 50, 50, 51, 51, 52, 52, 53, 53, 54, 54, 55, 55, 56, 56, 57, 57, 57, 58, 58, 58, 58, 59, 59, 59, 60, 60, 60, 61, 61, 61, 62, 62, 62, 63, 63, 63, 64, 64, 64, 65, 65, 65, 66, 66, 66, 67, 67, 68, 68, 68, 69, 69, 69, 69, 70, 70, 70, 70, 71, 71, 71, 71, 72, 72, 72, 73]
Costo: 73 Semilla: 7 Tiempo: 0:0:14 hh:mm:ss Iteraciones: 40 Temperatura: 2000 Epsilon: 0.9 Decremento: 0.001
 >>>>>>>>>>> Ejemplar: 
   [1, 2, 52, 102, 103, 53, 152, 153, 3, 155, 54, 104, 154, 4, 156, 5, 8, 55, 158, 62, 105, 157, 6, 9, 56, 159, 63, 106, 7, 10, 57, 160, 64, 107, 58, 108, 11, 161, 65, 59, 109, 12, 112, 66, 60, 110, 13, 113, 61, 111, 14, 67, 162, 114, 15, 68, 163, 115, 16, 69, 164, 116, 70, 165, 17, 73, 71, 166, 18, 74, 117, 72, 167, 19, 75, 173, 80, 168, 174, 118, 20, 76, 81, 119, 169, 175, 21, 77, 120, 170, 82, 176, 22, 78, 83, 23, 123, 171, 121, 177, 24, 79, 84, 124, 172, 122, 178, 25, 85, 125, 179, 26, 86, 126, 27, 87, 127, 28, 128, 29, 30, 38, 129, 180, 31, 130, 39, 181, 32, 131, 40, 182, 33, 132, 41, 183, 34, 133, 42, 184, 35, 134, 43, 185, 36, 135, 44, 186, 37, 136, 45, 187, 137, 46, 88, 188, 138, 139, 89, 189, 140, 90, 190, 141, 91, 191, 142, 92, 192, 143, 93, 193, 144, 94, 194, 145, 95, 195, 146, 96, 196, 197, 47, 198, 147, 97, 148, 98, 48, 199, 149, 99, 49, 200, 150, 100, 50, 201, 151, 101, 51, 202]
    [0, 0, 0, 0, 1, 1, 1, 2, 2, 3, 3, 3, 4, 4, 5, 5, 6, 6, 6, 7, 7, 7, 7, 8, 8, 8, 9, 9, 9, 10, 10, 10, 11, 11, 12, 12, 12, 12, 13, 14, 14, 14, 15, 15, 16, 16, 16, 17, 17, 18, 18, 19, 19, 19, 19, 20, 20, 20, 20, 21, 21, 21, 22, 22, 22, 23, 24, 24, 24, 25, 25, 26, 26, 26, 27, 27, 28, 28, 29, 29, 29, 29, 30, 30, 30, 31, 31, 31, 31, 32, 32, 33, 33, 33, 34, 34, 34, 34, 35, 35, 35, 35, 36, 36, 36, 37, 37, 37, 37, 38, 38, 38, 38, 39, 39, 39, 40, 40, 41, 41, 42, 43, 43, 43, 44, 44, 45, 45, 46, 46, 47, 47, 48, 48, 49, 49, 50, 50, 51, 51, 52, 52, 53, 53, 54, 54, 55, 55, 56, 56, 57, 57, 57, 58, 58, 58, 58, 59, 59, 59, 60, 60, 60, 61, 61, 61, 62, 62, 62, 63, 63, 63, 64, 64, 64, 65, 65, 65, 66, 66, 66, 67, 67, 68, 68, 68, 69, 69, 69, 69, 70, 70, 70, 70, 71, 71, 71, 71, 72, 72, 72, 73]
Costo: 73 Semilla: 7 Tiempo: 0:2:13 hh:mm:ss Iteraciones: 400 Temperatura: 2000 Epsilon: 0.9 Decremento: 0.001
 >>>>>>>>>>> Ejemplar: 
   [1, 2, 52, 152, 102, 53, 103, 153, 3, 155, 54, 104, 154, 4, 156, 5, 8, 55, 158, 62, 105, 157, 6, 9, 56, 159, 63, 106, 7, 10, 57, 160, 64, 107, 58, 108, 11, 161, 65, 109, 12, 59, 112, 60, 110, 66, 13, 113, 61, 111, 14, 67, 162, 114, 15, 68, 163, 115, 16, 69, 164, 116, 70, 165, 17, 71, 166, 73, 18, 74, 117, 72, 167, 173, 19, 75, 80, 118, 168, 174, 20, 76, 81, 119, 169, 175, 21, 77, 82, 120, 176, 22, 170, 23, 83, 123, 78, 171, 121, 177, 24, 79, 84, 124, 172, 122, 178, 25, 85, 125, 179, 26, 86, 126, 27, 87, 127, 28, 128, 29, 30, 38, 129, 180, 31, 130, 39, 181, 32, 131, 40, 182, 33, 132, 41, 183, 34, 133, 42, 184, 35, 134, 43, 185, 36, 135, 44, 186, 37, 136, 45, 187, 137, 46, 88, 188, 138, 139, 89, 189, 140, 90, 190, 141, 91, 191, 142, 92, 192, 143, 93, 193, 144, 94, 194, 145, 95, 195, 146, 96, 196, 197, 147, 97, 47, 198, 148, 98, 48, 199, 149, 99, 49, 200, 150, 100, 50, 201, 151, 101, 51, 202]
    [0, 0, 0, 0, 0, 1, 1, 1, 1, 2, 2, 2, 3, 3, 4, 4, 5, 5, 5, 6, 6, 6, 6, 7, 7, 7, 8, 8, 8, 9, 9, 9, 10, 10, 11, 11, 11, 11, 12, 12, 12, 13, 13, 14, 14, 15, 15, 15, 16, 16, 16, 17, 17, 17, 17, 18, 18, 18, 18, 19, 19, 19, 20, 20, 20, 21, 21, 22, 22, 23, 23, 24, 24, 25, 25, 25, 26, 26, 26, 27, 27, 27, 28, 28, 28, 29, 29, 29, 30, 30, 30, 30, 31, 31, 31, 31, 32, 32, 32, 33, 33, 33, 34, 34, 34, 35, 35, 35, 35, 36, 36, 36, 36, 37, 37, 37, 38, 38, 39, 39, 40, 41, 41, 41, 42, 42, 43, 43, 44, 44, 45, 45, 46, 46, 47, 47, 48, 48, 49, 49, 50, 50, 51, 51, 52, 52, 53, 53, 54, 54, 55, 55, 55, 56, 56, 56, 56, 57, 57, 57, 58, 58, 58, 59, 59, 59, 60, 60, 60, 61, 61, 61, 62, 62, 62, 63, 63, 63, 64, 64, 64, 65, 65, 65, 65, 66, 66, 66, 66, 67, 67, 67, 67, 68, 68, 68, 68, 69, 69, 69, 69, 70]
Costo: 70 Semilla: 7 Tiempo: 0:2:41 hh:mm:ss Iteraciones: 400 Temperatura: 2000 Epsilon: 0.9 Decremento: 0.001
 >>>>>>>>>>> Ejemplar: 
   [1, 2, 52, 152, 102, 53, 103, 153, 3, 155, 54, 104, 154, 4, 156, 5, 8, 55, 158, 62, 105, 157, 6, 9, 56, 159, 63, 106, 7, 10, 57, 160, 64, 107, 58, 108, 11, 161, 65, 109, 12, 59, 112, 60, 110, 66, 13, 113, 61, 111, 14, 67, 162, 114, 15, 68, 163, 115, 16, 69, 164, 116, 70, 165, 17, 71, 166, 73, 18, 74, 117, 72, 167, 173, 19, 75, 80, 118, 168, 174, 20, 76, 81, 119, 169, 175, 21, 77, 82, 120, 176, 22, 170, 23, 83, 123, 78, 171, 121, 177, 24, 79, 84, 124, 172, 122, 178, 25, 85, 125, 179, 26, 86, 126, 27, 87, 127, 28, 128, 29, 30, 38, 129, 180, 31, 130, 39, 181, 32, 131, 40, 182, 33, 132, 41, 183, 34, 133, 42, 184, 35, 134, 43, 185, 36, 135, 44, 186, 37, 136, 45, 187, 137, 46, 88, 188, 138, 139, 89, 189, 140, 90, 190, 141, 91, 191, 142, 92, 192, 143, 93, 193, 144, 94, 194, 145, 95, 195, 146, 96, 196, 197, 147, 97, 47, 198, 148, 98, 48, 199, 149, 99, 49, 200, 150, 100, 50, 201, 151, 101, 51, 202]
    [0, 0, 0, 0, 0, 1, 1, 1, 1, 2, 2, 2, 3, 3, 4, 4, 5, 5, 5, 6, 6, 6, 6, 7, 7, 7, 8, 8, 8, 9, 9, 9, 10, 10, 11, 11, 11, 11, 12, 12, 12, 13, 13, 14, 14, 15, 15, 15, 16, 16, 16, 17, 17, 17, 17, 18, 18, 18, 18, 19, 19, 19, 20, 20, 20, 21, 21, 22, 22, 23, 23, 24, 24, 25, 25, 25, 26, 26, 26, 27, 27, 27, 28, 28, 28, 29, 29, 29, 30, 30, 30, 30, 31, 31, 31, 31, 32, 32, 32, 33, 33, 33, 34, 34, 34, 35, 35, 35, 35, 36, 36, 36, 36, 37, 37, 37, 38, 38, 39, 39, 40, 41, 41, 41, 42, 42, 43, 43, 44, 44, 45, 45, 46, 46, 47, 47, 48, 48, 49, 49, 50, 50, 51, 51, 52, 52, 53, 53, 54, 54, 55, 55, 55, 56, 56, 56, 56, 57, 57, 57, 58, 58, 58, 59, 59, 59, 60, 60, 60, 61, 61, 61, 62, 62, 62, 63, 63, 63, 64, 64, 64, 65, 65, 65, 65, 66, 66, 66, 66, 67, 67, 67, 67, 68, 68, 68, 68, 69, 69, 69, 69, 70]
Costo: 70 Semilla: 7 Tiempo: 0:2:43 hh:mm:ss Iteraciones: 400 Temperatura: 2000 Epsilon: 0.9 Decremento: 0.001
 >>>>>>>>>>> Ejemplar: 
   [1, 2, 52, 103, 53, 102, 152, 153, 3, 155, 54, 104, 154, 4, 156, 5, 8, 55, 158, 62, 105, 157, 6, 9, 56, 159, 63, 106, 7, 10, 57, 160, 58, 64, 107, 108, 11, 161, 65, 59, 109, 12, 112, 66, 60, 110, 13, 113, 61, 111, 14, 67, 162, 114, 15, 68, 163, 115, 16, 69, 164, 116, 70, 165, 17, 73, 71, 166, 18, 74, 117, 72, 167, 173, 19, 75, 80, 118, 168, 174, 20, 76, 81, 119, 169, 175, 21, 77, 82, 120, 170, 176, 22, 23, 78, 83, 171, 121, 123, 177, 24, 79, 84, 172, 122, 124, 178, 25, 85, 125, 179, 26, 86, 126, 27, 87, 127, 28, 128, 29, 30, 38, 129, 180, 31, 130, 39, 181, 32, 131, 40, 182, 33, 132, 41, 183, 34, 133, 42, 184, 35, 134, 43, 185, 36, 135, 44, 186, 37, 136, 45, 187, 137, 46, 138, 88, 188, 139, 89, 189, 140, 90, 190, 141, 91, 191, 142, 92, 192, 143, 93, 193, 144, 94, 95, 194, 145, 195, 146, 96, 196, 197, 147, 97, 47, 198, 148, 98, 48, 199, 149, 99, 49, 200, 150, 100, 50, 201, 151, 101, 51, 202]
    [0, 0, 0, 0, 1, 1, 1, 2, 2, 3, 3, 3, 4, 4, 5, 5, 6, 6, 6, 7, 7, 7, 7, 8, 8, 8, 9, 9, 9, 10, 10, 10, 11, 12, 12, 13, 13, 13, 13, 14, 14, 14, 15, 15, 16, 16, 16, 17, 17, 18, 18, 19, 19, 19, 19, 20, 20, 20, 20, 21, 21, 21, 22, 22, 22, 23, 24, 24, 24, 25, 25, 26, 26, 27, 27, 27, 28, 28, 28, 29, 29, 29, 30, 30, 30, 31, 31, 31, 32, 32, 32, 33, 33, 34, 34, 35, 35, 35, 36, 36, 36, 36, 37, 37, 37, 38, 38, 38, 38, 39, 39, 39, 39, 40, 40, 40, 41, 41, 42, 42, 43, 44, 44, 44, 45, 45, 46, 46, 47, 47, 48, 48, 49, 49, 50, 50, 51, 51, 52, 52, 53, 53, 54, 54, 55, 55, 56, 56, 57, 57, 58, 58, 58, 59, 59, 59, 59, 60, 60, 60, 61, 61, 61, 62, 62, 62, 63, 63, 63, 64, 64, 64, 65, 65, 66, 66, 66, 67, 67, 67, 68, 69, 69, 69, 69, 70, 70, 70, 70, 71, 71, 71, 71, 72, 72, 72, 72, 73, 73, 73, 73, 74]
Costo: 74 Semilla: 7 Tiempo: 0:2:38 hh:mm:ss Iteraciones: 400 Temperatura: 2000 Epsilon: 0.9 Decremento: 0.001
 >>>>>>>>>>> Ejemplar: 
   [1, 2, 52, 53, 102, 103, 152, 153, 3, 155, 54, 104, 154, 4, 156, 5, 8, 55, 158, 62, 105, 157, 6, 9, 56, 159, 63, 106, 7, 10, 57, 160, 64, 107, 58, 108, 11, 161, 65, 59, 109, 12, 112, 66, 60, 110, 13, 113, 61, 111, 14, 67, 162, 114, 15, 68, 163, 115, 16, 69, 70, 164, 116, 165, 17, 73, 71, 166, 18, 74, 117, 72, 167, 173, 19, 75, 80, 118, 168, 174, 20, 76, 81, 119, 169, 175, 21, 77, 82, 120, 170, 176, 22, 23, 78, 83, 171, 121, 123, 177, 24, 79, 84, 172, 122, 124, 178, 25, 85, 125, 179, 26, 86, 126, 27, 87, 127, 28, 128, 29, 30, 38, 129, 180, 31, 181, 130, 39, 32, 131, 40, 182, 33, 132, 41, 183, 34, 133, 42, 184, 35, 134, 43, 185, 36, 135, 44, 186, 37, 136, 45, 187, 137, 46, 138, 88, 188, 139, 89, 189, 140, 90, 190, 141, 91, 191, 142, 92, 192, 143, 93, 193, 144, 94, 194, 145, 95, 195, 146, 96, 196, 197, 147, 97, 47, 198, 148, 98, 48, 199, 149, 99, 49, 200, 150, 100, 50, 201, 151, 101, 51, 202]
    [0, 0, 0, 1, 1, 2, 2, 3, 3, 4, 4, 4, 5, 5, 6, 6, 7, 7, 7, 8, 8, 8, 8, 9, 9, 9, 10, 10, 10, 11, 11, 11, 12, 12, 13, 13, 13, 13, 14, 15, 15, 15, 16, 16, 17, 17, 17, 18, 18, 19, 19, 20, 20, 20, 20, 21, 21, 21, 21, 22, 23, 23, 23, 24, 24, 24, 25, 25, 25, 26, 26, 27, 27, 28, 28, 28, 29, 29, 29, 30, 30, 30, 31, 31, 31, 32, 32, 32, 33, 33, 33, 34, 34, 35, 35, 36, 36, 36, 37, 37, 37, 37, 38, 38, 38, 39, 39, 39, 39, 40, 40, 40, 40, 41, 41, 41, 42, 42, 43, 43, 44, 45, 45, 45, 46, 46, 46, 47, 48, 48, 49, 49, 50, 50, 51, 51, 52, 52, 53, 53, 54, 54, 55, 55, 56, 56, 57, 57, 58, 58, 59, 59, 59, 60, 60, 60, 60, 61, 61, 61, 62, 62, 62, 63, 63, 63, 64, 64, 64, 65, 65, 65, 66, 66, 66, 67, 67, 67, 68, 68, 68, 69, 69, 69, 69, 70, 70, 70, 70, 71, 71, 71, 71, 72, 72, 72, 72, 73, 73, 73, 73, 74]
Costo: 74 Semilla: 7 Tiempo: 0:3:13 hh:mm:ss Iteraciones: 400 Temperatura: 2000 Epsilon: 0.9 Decremento: 0.001
 >>>>>>>>>>> Ejemplar: 
   [1, 2, 102, 103, 152, 52, 53, 153, 3, 155, 54, 104, 4, 156, 154, 5, 8, 55, 158, 62, 105, 157, 6, 9, 56, 159, 63, 106, 7, 10, 57, 160, 64, 107, 58, 108, 11, 161, 65, 59, 109, 12, 112, 66, 60, 110, 13, 113, 61, 111, 162, 14, 67, 114, 15, 68, 163, 115, 16, 116, 69, 164, 70, 73, 165, 17, 71, 166, 18, 74, 117, 72, 167, 19, 173, 80, 75, 118, 168, 174, 20, 76, 81, 119, 169, 175, 82, 21, 77, 120, 22, 170, 176, 23, 78, 123, 83, 121, 171, 177, 24, 124, 79, 84, 122, 178, 172, 25, 85, 26, 125, 179, 86, 126, 27, 87, 127, 28, 128, 29, 30, 38, 129, 180, 31, 130, 39, 131, 181, 32, 33, 40, 34, 182, 132, 133, 41, 183, 42, 184, 35, 134, 36, 43, 185, 135, 44, 136, 186, 37, 45, 187, 137, 46, 138, 88, 188, 139, 89, 90, 189, 140, 190, 141, 142, 91, 191, 92, 192, 193, 143, 93, 144, 94, 194, 145, 95, 195, 196, 146, 96, 197, 147, 97, 47, 198, 148, 98, 48, 199, 149, 99, 49, 200, 150, 100, 50, 101, 201, 151, 51, 202]
    [0, 0, 0, 1, 1, 1, 2, 2, 2, 3, 3, 3, 3, 4, 5, 5, 6, 6, 6, 7, 7, 7, 7, 8, 8, 8, 9, 9, 9, 10, 10, 10, 11, 11, 12, 12, 12, 12, 13, 14, 14, 14, 15, 15, 16, 16, 16, 17, 17, 18, 19, 19, 19, 19, 20, 20, 20, 20, 21, 21, 21, 21, 22, 23, 23, 23, 24, 24, 24, 25, 25, 26, 26, 26, 27, 27, 28, 28, 28, 29, 29, 29, 30, 30, 30, 31, 31, 31, 32, 32, 32, 32, 33, 33, 33, 33, 34, 34, 34, 35, 35, 35, 35, 36, 36, 36, 37, 37, 37, 38, 38, 38, 38, 39, 39, 39, 40, 40, 41, 41, 42, 43, 43, 43, 44, 44, 45, 45, 45, 46, 47, 48, 49, 49, 49, 50, 50, 50, 51, 51, 52, 52, 53, 54, 54, 54, 55, 55, 55, 56, 57, 57, 57, 58, 58, 58, 58, 59, 59, 60, 60, 60, 61, 61, 62, 62, 62, 63, 63, 64, 64, 64, 65, 65, 65, 66, 66, 66, 67, 67, 67, 68, 68, 68, 68, 69, 69, 69, 69, 70, 70, 70, 70, 71, 71, 71, 71, 72, 72, 72, 72, 73]
Costo: 73 Semilla: 17 Tiempo: 0:7:44 hh:mm:ss Iteraciones: 400 Temperatura: 2000 Epsilon: 0.9 Decremento: 0.001
 >>>>>>>>>>> Ejemplar: 
   [1, 2, 102, 52, 53, 103, 152, 153, 3, 155, 54, 104, 154, 4, 156, 5, 8, 55, 158, 62, 105, 157, 6, 9, 56, 159, 63, 106, 7, 10, 57, 160, 64, 107, 58, 108, 11, 161, 65, 59, 109, 12, 112, 66, 60, 110, 13, 113, 61, 111, 14, 67, 162, 114, 15, 68, 163, 115, 16, 69, 164, 116, 70, 165, 17, 73, 71, 166, 18, 74, 117, 72, 167, 173, 19, 75, 80, 118, 168, 174, 20, 76, 81, 119, 169, 175, 21, 77, 82, 120, 170, 176, 22, 83, 23, 78, 121, 123, 171, 177, 24, 79, 124, 84, 122, 172, 178, 25, 85, 125, 179, 26, 86, 126, 27, 87, 127, 28, 128, 29, 30, 38, 129, 180, 31, 130, 39, 181, 32, 131, 40, 182, 33, 132, 41, 183, 34, 133, 42, 184, 35, 134, 43, 185, 36, 135, 44, 186, 37, 136, 45, 187, 137, 46, 138, 88, 188, 139, 89, 189, 140, 90, 190, 141, 91, 191, 142, 92, 192, 143, 93, 193, 144, 94, 194, 145, 95, 195, 146, 96, 196, 197, 147, 97, 47, 198, 148, 98, 48, 199, 149, 99, 49, 200, 150, 100, 50, 201, 151, 101, 51, 202]
    [0, 0, 0, 0, 1, 1, 1, 2, 2, 3, 3, 3, 4, 4, 5, 5, 6, 6, 6, 7, 7, 7, 7, 8, 8, 8, 9, 9, 9, 10, 10, 10, 11, 11, 12, 12, 12, 12, 13, 14, 14, 14, 15, 15, 16, 16, 16, 17, 17, 18, 18, 19, 19, 19, 19, 20, 20, 20, 20, 21, 21, 21, 22, 22, 22, 23, 24, 24, 24, 25, 25, 26, 26, 27, 27, 27, 28, 28, 28, 29, 29, 29, 30, 30, 30, 31, 31, 31, 32, 32, 32, 33, 33, 33, 34, 34, 34, 35, 35, 36, 36, 36, 36, 37, 37, 37, 38, 38, 38, 38, 39, 39, 39, 39, 40, 40, 40, 41, 41, 42, 43, 44, 44, 44, 45, 45, 46, 46, 47, 47, 48, 48, 49, 49, 50, 50, 51, 51, 52, 52, 53, 53, 54, 54, 55, 55, 56, 56, 57, 57, 58, 58, 58, 59, 59, 59, 59, 60, 60, 60, 61, 61, 61, 62, 62, 62, 63, 63, 63, 64, 64, 64, 65, 65, 65, 66, 66, 66, 67, 67, 67, 68, 68, 68, 68, 69, 69, 69, 69, 70, 70, 70, 70, 71, 71, 71, 71, 72, 72, 72, 72, 73]
Costo: 73 Semilla: 171 Tiempo: 0:7:10 hh:mm:ss Iteraciones: 200 Temperatura: 2000 Epsilon: 0.9 Decremento: 0.001
 >>>>>>>>>>> Ejemplar: 
   [1, 103, 52, 2, 153, 152, 3, 102, 53, 104, 4, 54, 155, 5, 55, 105, 154, 158, 8, 62, 106, 63, 159, 107, 9, 156, 56, 6, 108, 109, 157, 10, 57, 110, 160, 64, 11, 58, 7, 161, 111, 112, 12, 59, 60, 162, 13, 113, 65, 14, 163, 66, 114, 15, 67, 16, 115, 61, 164, 68, 69, 116, 165, 17, 70, 18, 71, 19, 73, 166, 74, 75, 167, 117, 72, 173, 20, 80, 118, 174, 21, 119, 76, 81, 120, 22, 175, 168, 77, 23, 121, 122, 82, 176, 123, 24, 83, 169, 78, 124, 170, 171, 125, 25, 84, 26, 177, 85, 79, 178, 27, 126, 28, 172, 86, 127, 29, 179, 128, 87, 30, 180, 38, 129, 130, 31, 181, 32, 182, 39, 33, 40, 183, 131, 184, 41, 132, 42, 133, 185, 34, 134, 35, 135, 43, 186, 44, 36, 136, 137, 45, 37, 88, 187, 138, 188, 46, 89, 189, 139, 90, 91, 190, 140, 92, 93, 191, 192, 94, 193, 141, 194, 142, 143, 195, 144, 196, 95, 145, 96, 146, 197, 47, 97, 147, 148, 98, 48, 198, 49, 199, 149, 99, 100, 150, 50, 200, 51, 201, 151, 101, 202]
    [0, 0, 0, 0, 0, 1, 1, 1, 1, 2, 2, 2, 2, 3, 3, 3, 3, 4, 4, 4, 4, 5, 5, 5, 5, 6, 6, 6, 6, 7, 7, 7, 7, 8, 8, 8, 8, 9, 9, 9, 9, 10, 10, 10, 11, 11, 11, 11, 12, 12, 12, 13, 13, 13, 14, 14, 14, 15, 15, 16, 17, 17, 17, 18, 18, 19, 19, 20, 20, 20, 21, 22, 22, 22, 23, 24, 24, 24, 24, 25, 25, 25, 25, 26, 26, 26, 26, 27, 27, 27, 27, 28, 28, 28, 29, 29, 29, 29, 30, 30, 30, 31, 31, 31, 31, 32, 32, 32, 33, 33, 33, 33, 34, 34, 34, 34, 35, 35, 35, 35, 36, 36, 37, 37, 38, 38, 38, 39, 39, 40, 41, 42, 42, 42, 43, 43, 43, 44, 44, 44, 45, 45, 46, 46, 47, 47, 48, 49, 49, 50, 50, 51, 51, 51, 52, 52, 52, 52, 53, 53, 53, 54, 54, 54, 55, 56, 56, 57, 57, 58, 58, 59, 59, 60, 60, 61, 61, 61, 62, 62, 63, 64, 64, 64, 64, 65, 65, 65, 65, 66, 66, 66, 66, 67, 67, 67, 67, 68, 68, 68, 68, 69]
Costo: 69 Semilla: 171 Tiempo: 0:14:12 hh:mm:ss Iteraciones: 200 Temperatura: 2000 Epsilon: 0.9 Decremento: 0.01
 >>>>>>>>>>> Ejemplar: 
   [1, 2, 52, 53, 102, 153, 103, 152, 3, 155, 54, 104, 154, 4, 156, 5, 8, 55, 158, 62, 105, 157, 6, 9, 56, 159, 63, 106, 7, 10, 57, 160, 64, 107, 58, 108, 11, 161, 65, 59, 109, 12, 112, 66, 60, 110, 13, 113, 61, 111, 14, 67, 162, 114, 15, 68, 163, 115, 16, 69, 164, 116, 70, 165, 17, 73, 71, 166, 18, 74, 117, 72, 167, 173, 19, 75, 80, 118, 168, 174, 20, 76, 81, 119, 169, 175, 21, 77, 82, 120, 22, 170, 176, 23, 121, 78, 83, 123, 171, 177, 24, 79, 84, 172, 122, 124, 178, 25, 85, 125, 179, 26, 86, 126, 27, 87, 127, 28, 128, 29, 30, 38, 129, 180, 31, 130, 39, 181, 32, 131, 40, 182, 33, 132, 41, 183, 34, 133, 42, 184, 35, 134, 43, 185, 36, 135, 44, 186, 37, 136, 45, 187, 137, 46, 138, 88, 188, 139, 89, 189, 140, 90, 190, 141, 91, 191, 142, 92, 192, 143, 93, 193, 144, 94, 194, 145, 95, 195, 146, 96, 196, 197, 147, 97, 47, 198, 148, 98, 48, 199, 149, 99, 49, 200, 150, 100, 50, 201, 151, 101, 51, 202]
    [0, 0, 0, 1, 1, 1, 2, 2, 2, 3, 3, 3, 4, 4, 5, 5, 6, 6, 6, 7, 7, 7, 7, 8, 8, 8, 9, 9, 9, 10, 10, 10, 11, 11, 12, 12, 12, 12, 13, 14, 14, 14, 15, 15, 16, 16, 16, 17, 17, 18, 18, 19, 19, 19, 19, 20, 20, 20, 20, 21, 21, 21, 22, 22, 22, 23, 24, 24, 24, 25, 25, 26, 26, 27, 27, 27, 28, 28, 28, 29, 29, 29, 30, 30, 30, 31, 31, 31, 32, 32, 32, 32, 33, 33, 33, 33, 34, 34, 34, 35, 35, 35, 36, 36, 36, 37, 37, 37, 37, 38, 38, 38, 38, 39, 39, 39, 40, 40, 41, 41, 42, 43, 43, 43, 44, 44, 45, 45, 46, 46, 47, 47, 48, 48, 49, 49, 50, 50, 51, 51, 52, 52, 53, 53, 54, 54, 55, 55, 56, 56, 57, 57, 57, 58, 58, 58, 58, 59, 59, 59, 60, 60, 60, 61, 61, 61, 62, 62, 62, 63, 63, 63, 64, 64, 64, 65, 65, 65, 66, 66, 66, 67, 67, 67, 67, 68, 68, 68, 68, 69, 69, 69, 69, 70, 70, 70, 70, 71, 71, 71, 71, 72]
Costo: 72 Semilla: 3 Tiempo: 0:10:43 hh:mm:ss Iteraciones: 200 Temperatura: 2000 Epsilon: 0.9 Decremento: 0.01
 >>>>>>>>>>> Ejemplar: 
   [1, 2, 102, 52, 53, 103, 152, 153, 3, 155, 54, 104, 154, 4, 156, 5, 8, 55, 158, 62, 105, 157, 6, 9, 56, 159, 63, 106, 7, 10, 57, 160, 64, 107, 58, 108, 11, 161, 65, 59, 109, 12, 112, 66, 60, 110, 13, 113, 61, 111, 14, 67, 162, 114, 15, 68, 163, 115, 16, 69, 164, 116, 70, 165, 17, 73, 71, 166, 18, 74, 117, 72, 167, 173, 19, 75, 80, 118, 168, 174, 20, 119, 76, 81, 169, 175, 21, 77, 82, 120, 170, 176, 22, 83, 23, 78, 121, 177, 123, 171, 24, 79, 84, 122, 178, 124, 172, 25, 85, 125, 179, 26, 86, 126, 27, 87, 127, 28, 128, 29, 30, 38, 129, 180, 31, 130, 39, 181, 32, 131, 33, 40, 182, 132, 41, 183, 34, 133, 42, 184, 35, 134, 43, 185, 36, 135, 44, 186, 37, 136, 45, 187, 137, 46, 138, 88, 188, 139, 89, 189, 140, 90, 190, 141, 91, 191, 142, 92, 192, 143, 93, 193, 144, 94, 194, 145, 95, 195, 146, 96, 196, 197, 147, 97, 198, 148, 47, 98, 48, 199, 149, 99, 49, 200, 150, 201, 100, 50, 151, 101, 51, 202]
    [0, 0, 0, 0, 1, 1, 1, 2, 2, 3, 3, 3, 4, 4, 5, 5, 6, 6, 6, 7, 7, 7, 7, 8, 8, 8, 9, 9, 9, 10, 10, 10, 11, 11, 12, 12, 12, 12, 13, 14, 14, 14, 15, 15, 16, 16, 16, 17, 17, 18, 18, 19, 19, 19, 19, 20, 20, 20, 20, 21, 21, 21, 22, 22, 22, 23, 24, 24, 24, 25, 25, 26, 26, 27, 27, 27, 28, 28, 28, 29, 29, 29, 29, 30, 30, 31, 31, 31, 32, 32, 32, 33, 33, 33, 34, 34, 34, 34, 35, 35, 35, 35, 36, 36, 36, 37, 37, 37, 37, 38, 38, 38, 38, 39, 39, 39, 40, 40, 41, 41, 42, 43, 43, 43, 44, 44, 45, 45, 46, 46, 47, 48, 48, 48, 49, 49, 50, 50, 51, 51, 52, 52, 53, 53, 54, 54, 55, 55, 56, 56, 57, 57, 57, 58, 58, 58, 58, 59, 59, 59, 60, 60, 60, 61, 61, 61, 62, 62, 62, 63, 63, 63, 64, 64, 64, 65, 65, 65, 66, 66, 66, 67, 67, 67, 68, 68, 68, 68, 69, 69, 69, 69, 70, 70, 70, 71, 71, 71, 71, 72, 72, 73]
Costo: 73 Semilla: 31 Tiempo: 0:12:28 hh:mm:ss Iteraciones: 200 Temperatura: 2000 Epsilon: 0.9 Decremento: 0.01
 >>>>>>>>>>> Ejemplar: 
   [1, 2, 52, 53, 102, 153, 103, 152, 3, 155, 54, 104, 154, 4, 156, 5, 8, 55, 158, 62, 105, 157, 6, 9, 56, 159, 63, 106, 7, 10, 57, 160, 64, 107, 58, 108, 11, 161, 65, 59, 109, 12, 112, 66, 60, 110, 13, 113, 61, 111, 14, 67, 162, 114, 15, 68, 163, 115, 16, 69, 164, 116, 70, 165, 17, 73, 71, 166, 18, 74, 117, 72, 167, 173, 19, 75, 80, 118, 168, 174, 20, 76, 81, 119, 169, 175, 21, 77, 82, 120, 22, 170, 176, 23, 78, 123, 83, 121, 171, 177, 24, 122, 79, 84, 124, 172, 178, 25, 85, 125, 179, 26, 86, 126, 27, 28, 87, 127, 128, 29, 30, 38, 129, 180, 31, 130, 39, 181, 32, 131, 40, 182, 33, 132, 41, 183, 34, 133, 42, 184, 35, 134, 43, 185, 36, 135, 44, 186, 37, 136, 45, 187, 137, 46, 138, 88, 188, 139, 89, 189, 140, 90, 190, 141, 91, 191, 142, 92, 192, 143, 93, 193, 144, 94, 194, 145, 95, 195, 146, 96, 196, 197, 147, 97, 47, 198, 148, 98, 48, 199, 149, 99, 49, 200, 50, 150, 100, 201, 151, 101, 51, 202]
    [0, 0, 0, 1, 1, 1, 2, 2, 2, 3, 3, 3, 4, 4, 5, 5, 6, 6, 6, 7, 7, 7, 7, 8, 8, 8, 9, 9, 9, 10, 10, 10, 11, 11, 12, 12, 12, 12, 13, 14, 14, 14, 15, 15, 16, 16, 16, 17, 17, 18, 18, 19, 19, 19, 19, 20, 20, 20, 20, 21, 21, 21, 22, 22, 22, 23, 24, 24, 24, 25, 25, 26, 26, 27, 27, 27, 28, 28, 28, 29, 29, 29, 30, 30, 30, 31, 31, 31, 32, 32, 32, 32, 33, 33, 33, 33, 34, 34, 34, 35, 35, 35, 35, 36, 36, 36, 37, 37, 37, 37, 38, 38, 38, 38, 39, 40, 40, 40, 41, 41, 42, 43, 43, 43, 44, 44, 45, 45, 46, 46, 47, 47, 48, 48, 49, 49, 50, 50, 51, 51, 52, 52, 53, 53, 54, 54, 55, 55, 56, 56, 57, 57, 57, 58, 58, 58, 58, 59, 59, 59, 60, 60, 60, 61, 61, 61, 62, 62, 62, 63, 63, 63, 64, 64, 64, 65, 65, 65, 66, 66, 66, 67, 67, 67, 67, 68, 68, 68, 68, 69, 69, 69, 69, 70, 70, 70, 70, 71, 71, 71, 71, 72]
Costo: 72 Semilla: 311 Tiempo: 0:14:16 hh:mm:ss Iteraciones: 200 Temperatura: 2000 Epsilon: 0.9 Decremento: 0.01
 >>>>>>>>>>> Ejemplar: 
   [1, 2, 52, 53, 102, 153, 103, 152, 3, 155, 54, 104, 154, 4, 156, 5, 8, 55, 158, 62, 105, 157, 6, 9, 56, 159, 63, 106, 7, 10, 57, 160, 64, 107, 58, 108, 11, 161, 65, 59, 109, 12, 112, 66, 60, 110, 13, 113, 61, 111, 14, 67, 162, 114, 15, 68, 163, 115, 16, 69, 164, 116, 70, 165, 17, 73, 71, 166, 18, 74, 117, 72, 167, 173, 19, 75, 80, 118, 168, 174, 20, 76, 81, 119, 169, 175, 21, 77, 82, 120, 22, 170, 176, 23, 78, 83, 171, 121, 123, 177, 24, 79, 84, 122, 178, 124, 172, 25, 85, 125, 179, 26, 86, 126, 27, 87, 127, 28, 128, 29, 30, 38, 129, 180, 31, 130, 39, 181, 32, 131, 40, 182, 33, 132, 41, 183, 34, 133, 42, 184, 35, 134, 43, 185, 36, 135, 44, 186, 37, 136, 45, 187, 137, 46, 138, 88, 188, 139, 89, 189, 140, 90, 190, 141, 91, 191, 142, 92, 192, 143, 93, 193, 144, 94, 194, 145, 95, 195, 146, 96, 196, 197, 147, 97, 47, 198, 148, 98, 48, 199, 149, 99, 49, 200, 150, 100, 50, 201, 151, 101, 51, 202]
    [0, 0, 0, 1, 1, 1, 2, 2, 2, 3, 3, 3, 4, 4, 5, 5, 6, 6, 6, 7, 7, 7, 7, 8, 8, 8, 9, 9, 9, 10, 10, 10, 11, 11, 12, 12, 12, 12, 13, 14, 14, 14, 15, 15, 16, 16, 16, 17, 17, 18, 18, 19, 19, 19, 19, 20, 20, 20, 20, 21, 21, 21, 22, 22, 22, 23, 24, 24, 24, 25, 25, 26, 26, 27, 27, 27, 28, 28, 28, 29, 29, 29, 30, 30, 30, 31, 31, 31, 32, 32, 32, 32, 33, 33, 33, 34, 34, 34, 35, 35, 35, 35, 36, 36, 36, 37, 37, 37, 37, 38, 38, 38, 38, 39, 39, 39, 40, 40, 41, 41, 42, 43, 43, 43, 44, 44, 45, 45, 46, 46, 47, 47, 48, 48, 49, 49, 50, 50, 51, 51, 52, 52, 53, 53, 54, 54, 55, 55, 56, 56, 57, 57, 57, 58, 58, 58, 58, 59, 59, 59, 60, 60, 60, 61, 61, 61, 62, 62, 62, 63, 63, 63, 64, 64, 64, 65, 65, 65, 66, 66, 66, 67, 67, 67, 67, 68, 68, 68, 68, 69, 69, 69, 69, 70, 70, 70, 70, 71, 71, 71, 71, 72]
Costo: 72 Semilla: 5 Tiempo: 0:20:1 hh:mm:ss Iteraciones: 200 Temperatura: 2000 Epsilon: 0.9 Decremento: 0.01
 >>>>>>>>>>> Ejemplar: 
   [1, 2, 52, 53, 152, 102, 103, 153, 3, 155, 54, 104, 154, 4, 156, 5, 8, 55, 158, 62, 105, 157, 6, 9, 56, 159, 63, 106, 7, 10, 57, 160, 64, 107, 58, 108, 11, 161, 65, 59, 109, 12, 112, 66, 60, 110, 13, 113, 61, 111, 14, 67, 162, 114, 15, 68, 163, 115, 16, 69, 164, 116, 70, 165, 17, 73, 71, 166, 18, 74, 117, 72, 167, 173, 19, 75, 80, 118, 168, 174, 20, 76, 81, 119, 169, 175, 21, 77, 82, 120, 170, 176, 22, 83, 23, 78, 171, 121, 123, 177, 24, 79, 84, 122, 178, 124, 172, 25, 85, 125, 179, 26, 86, 126, 27, 87, 127, 28, 128, 29, 30, 38, 129, 180, 31, 130, 39, 181, 32, 131, 40, 182, 33, 132, 41, 183, 34, 133, 42, 184, 35, 134, 43, 185, 36, 135, 44, 186, 37, 136, 45, 187, 137, 46, 138, 88, 188, 139, 89, 189, 140, 90, 190, 141, 91, 191, 142, 92, 192, 143, 93, 193, 144, 94, 194, 145, 95, 195, 146, 96, 196, 197, 147, 97, 47, 198, 148, 199, 98, 48, 149, 99, 49, 200, 150, 100, 50, 201, 151, 101, 51, 202]
    [0, 0, 0, 1, 1, 1, 2, 2, 2, 3, 3, 3, 4, 4, 5, 5, 6, 6, 6, 7, 7, 7, 7, 8, 8, 8, 9, 9, 9, 10, 10, 10, 11, 11, 12, 12, 12, 12, 13, 14, 14, 14, 15, 15, 16, 16, 16, 17, 17, 18, 18, 19, 19, 19, 19, 20, 20, 20, 20, 21, 21, 21, 22, 22, 22, 23, 24, 24, 24, 25, 25, 26, 26, 27, 27, 27, 28, 28, 28, 29, 29, 29, 30, 30, 30, 31, 31, 31, 32, 32, 32, 33, 33, 33, 34, 34, 34, 34, 35, 35, 35, 35, 36, 36, 36, 37, 37, 37, 37, 38, 38, 38, 38, 39, 39, 39, 40, 40, 41, 41, 42, 43, 43, 43, 44, 44, 45, 45, 46, 46, 47, 47, 48, 48, 49, 49, 50, 50, 51, 51, 52, 52, 53, 53, 54, 54, 55, 55, 56, 56, 57, 57, 57, 58, 58, 58, 58, 59, 59, 59, 60, 60, 60, 61, 61, 61, 62, 62, 62, 63, 63, 63, 64, 64, 64, 65, 65, 65, 66, 66, 66, 67, 67, 67, 67, 68, 68, 69, 69, 69, 69, 70, 70, 70, 70, 71, 71, 71, 71, 72, 72, 73]
Costo: 73 Semilla: 35 Tiempo: 0:15:54 hh:mm:ss Iteraciones: 300 Temperatura: 2000 Epsilon: 0.9 Decremento: 0.01
 >>>>>>>>>>> Ejemplar: 
   [1, 62, 2, 3, 63, 128, 68, 122, 182, 242, 183, 188, 243, 245, 4, 123, 69, 248, 64, 189, 129, 184, 65, 244, 246, 124, 249, 5, 70, 130, 190, 66, 125, 185, 247, 250, 6, 71, 131, 8, 191, 67, 126, 132, 186, 197, 192, 251, 7, 9, 17, 127, 198, 133, 187, 193, 252, 72, 10, 18, 134, 199, 194, 253, 73, 11, 12, 19, 135, 200, 195, 254, 77, 20, 74, 13, 136, 201, 196, 255, 78, 75, 203, 14, 137, 21, 202, 256, 79, 76, 204, 15, 138, 22, 83, 143, 80, 205, 16, 139, 84, 144, 81, 206, 257, 140, 82, 85, 145, 23, 207, 258, 141, 30, 86, 146, 24, 208, 259, 142, 31, 87, 147, 25, 209, 260, 32, 88, 148, 26, 261, 33, 89, 149, 27, 210, 262, 150, 34, 90, 28, 151, 211, 263, 35, 91, 29, 212, 264, 152, 36, 92, 213, 265, 153, 37, 93, 214, 266, 154, 94, 215, 267, 155, 95, 216, 268, 156, 96, 217, 269, 98, 157, 218, 97, 158, 270, 99, 38, 219, 159, 271, 100, 39, 220, 160, 272, 101, 40, 221, 161, 273, 102, 41, 222, 162, 274, 103, 42, 223, 163, 275, 104, 43, 224, 164, 276, 105, 44, 225, 165, 277, 106, 45, 226, 47, 166, 278, 46, 48, 227, 107, 279, 167, 49, 228, 108, 280, 168, 50, 229, 109, 281, 169, 51, 230, 110, 282, 170, 52, 231, 111, 283, 171, 53, 232, 112, 284, 172, 54, 233, 113, 285, 173, 55, 234, 114, 286, 174, 56, 235, 115, 287, 175, 236, 116, 288, 176, 177, 117, 237, 57, 289, 178, 118, 238, 58, 290, 179, 119, 239, 59, 291, 180, 120, 240, 60, 292, 181, 121, 241, 61, 293, 294, 295, 296, 297, 298, 299, 300, 301, 302]
    [0, 0, 0, 1, 1, 1, 2, 2, 2, 2, 3, 4, 4, 5, 5, 5, 5, 6, 6, 6, 6, 7, 7, 7, 8, 8, 9, 9, 9, 9, 9, 10, 10, 10, 10, 11, 11, 11, 11, 12, 12, 12, 12, 13, 13, 14, 15, 15, 15, 16, 17, 17, 17, 18, 18, 19, 19, 19, 19, 20, 20, 20, 21, 21, 21, 21, 22, 23, 23, 23, 24, 24, 24, 24, 25, 25, 25, 25, 26, 26, 26, 27, 27, 27, 27, 28, 28, 28, 28, 29, 29, 29, 29, 30, 30, 31, 31, 31, 31, 32, 32, 33, 33, 33, 33, 34, 34, 35, 35, 35, 35, 35, 36, 36, 36, 37, 37, 37, 37, 38, 38, 38, 39, 39, 39, 39, 40, 40, 40, 41, 41, 42, 42, 42, 43, 43, 43, 43, 44, 44, 45, 45, 45, 45, 46, 46, 47, 47, 47, 47, 48, 48, 48, 48, 48, 49, 49, 49, 49, 49, 50, 50, 50, 50, 51, 51, 51, 51, 52, 52, 52, 53, 53, 54, 54, 54, 54, 55, 55, 55, 55, 55, 56, 56, 56, 56, 56, 57, 57, 57, 57, 57, 58, 58, 58, 58, 58, 59, 59, 59, 59, 59, 60, 60, 60, 60, 60, 61, 61, 61, 61, 61, 62, 62, 62, 63, 63, 63, 64, 65, 65, 65, 65, 65, 66, 66, 66, 66, 66, 67, 67, 67, 67, 67, 68, 68, 68, 68, 68, 69, 69, 69, 69, 69, 70, 70, 70, 70, 70, 71, 71, 71, 71, 71, 72, 72, 72, 72, 72, 73, 73, 73, 73, 73, 74, 74, 74, 74, 75, 75, 75, 75, 75, 76, 76, 76, 76, 76, 77, 77, 77, 77, 77, 78, 78, 78, 78, 78, 79, 79, 79, 79, 79, 80, 81, 82, 83, 84, 85, 86, 87, 88]
Costo: 88 Semilla: 35 Tiempo: 0:25:26 hh:mm:ss Iteraciones: 300 Temperatura: 2000 Epsilon: 0.9 Decremento: 0.01
 >>>>>>>>>>> Ejemplar: 
   [1, 62, 2, 3, 63, 68, 122, 183, 128, 242, 182, 188, 243, 245, 4, 123, 69, 248, 64, 129, 184, 189, 65, 244, 246, 124, 249, 5, 70, 130, 190, 66, 125, 185, 247, 250, 6, 71, 131, 8, 191, 67, 126, 132, 186, 197, 7, 192, 251, 9, 17, 127, 198, 133, 187, 193, 252, 72, 10, 18, 134, 199, 194, 253, 73, 11, 12, 19, 135, 200, 77, 195, 254, 20, 74, 201, 13, 136, 196, 78, 255, 203, 75, 14, 137, 21, 202, 256, 79, 76, 204, 15, 138, 22, 83, 143, 80, 205, 16, 139, 84, 144, 81, 206, 257, 140, 82, 85, 145, 23, 207, 258, 141, 30, 86, 146, 24, 208, 259, 142, 31, 87, 147, 25, 209, 260, 32, 88, 148, 26, 261, 33, 89, 149, 27, 210, 262, 150, 34, 90, 28, 211, 263, 151, 35, 91, 29, 212, 264, 152, 36, 92, 213, 265, 153, 37, 93, 214, 94, 266, 154, 215, 267, 155, 95, 216, 268, 156, 96, 217, 269, 98, 157, 158, 218, 97, 270, 99, 38, 219, 159, 271, 100, 39, 220, 160, 272, 101, 40, 221, 102, 161, 273, 41, 222, 162, 274, 103, 42, 223, 163, 275, 104, 43, 224, 164, 276, 105, 44, 225, 165, 277, 106, 45, 226, 47, 166, 278, 46, 48, 227, 107, 279, 167, 49, 228, 108, 280, 168, 50, 229, 109, 281, 169, 51, 230, 110, 282, 231, 170, 52, 111, 283, 171, 53, 232, 112, 284, 172, 54, 233, 113, 285, 173, 55, 234, 114, 286, 235, 174, 56, 115, 287, 175, 236, 116, 288, 176, 177, 117, 237, 57, 118, 289, 178, 238, 58, 290, 179, 119, 239, 59, 120, 291, 180, 240, 181, 60, 292, 121, 293, 241, 61, 294, 295, 296, 297, 298, 299, 300, 301, 302]
    [0, 0, 0, 1, 1, 2, 2, 2, 3, 3, 3, 4, 4, 5, 5, 5, 5, 6, 6, 6, 6, 7, 7, 7, 8, 8, 9, 9, 9, 9, 9, 10, 10, 10, 10, 11, 11, 11, 11, 12, 12, 12, 12, 13, 13, 14, 14, 15, 15, 15, 16, 16, 16, 17, 17, 18, 18, 18, 18, 19, 19, 19, 20, 20, 20, 20, 21, 22, 22, 22, 22, 23, 23, 23, 23, 24, 24, 24, 25, 25, 25, 26, 26, 26, 26, 27, 27, 27, 27, 28, 28, 28, 28, 29, 29, 30, 30, 30, 30, 31, 31, 32, 32, 32, 32, 33, 33, 34, 34, 34, 34, 34, 35, 35, 35, 36, 36, 36, 36, 37, 37, 37, 38, 38, 38, 38, 39, 39, 39, 40, 40, 41, 41, 41, 42, 42, 42, 42, 43, 43, 44, 44, 44, 44, 45, 45, 46, 46, 46, 46, 47, 47, 47, 47, 47, 48, 48, 48, 49, 49, 49, 49, 50, 50, 50, 50, 51, 51, 51, 51, 52, 52, 52, 53, 53, 53, 53, 54, 54, 54, 54, 54, 55, 55, 55, 55, 55, 56, 56, 56, 57, 57, 57, 57, 57, 58, 58, 58, 58, 58, 59, 59, 59, 59, 59, 60, 60, 60, 60, 60, 61, 61, 61, 61, 61, 62, 62, 62, 63, 64, 64, 64, 64, 64, 65, 65, 65, 65, 65, 66, 66, 66, 66, 66, 67, 67, 67, 67, 68, 68, 68, 68, 68, 69, 69, 69, 69, 69, 70, 70, 70, 70, 70, 71, 71, 71, 71, 71, 72, 72, 72, 72, 72, 73, 73, 73, 73, 74, 75, 75, 75, 75, 76, 76, 76, 76, 76, 77, 77, 77, 77, 77, 78, 78, 78, 78, 79, 79, 79, 79, 80, 80, 80, 81, 82, 83, 84, 85, 86, 87, 88, 89]
Costo: 89 Semilla: 35 Tiempo: 0:11:2 hh:mm:ss Iteraciones: 200 Temperatura: 2000 Epsilon: 0.9 Decremento: 0.01
 >>>>>>>>>>> Ejemplar: 
   [1, 62, 2, 3, 63, 68, 182, 122, 128, 242, 183, 188, 243, 245, 4, 123, 248, 64, 69, 129, 184, 244, 189, 65, 246, 124, 249, 5, 70, 130, 190, 66, 125, 185, 247, 250, 6, 71, 131, 8, 191, 67, 126, 132, 186, 251, 7, 197, 192, 127, 9, 17, 133, 187, 198, 193, 252, 72, 10, 18, 134, 199, 194, 253, 73, 11, 12, 19, 135, 200, 195, 254, 77, 20, 136, 74, 13, 201, 196, 255, 78, 75, 203, 14, 137, 21, 202, 256, 79, 76, 204, 15, 138, 22, 83, 143, 80, 205, 16, 139, 84, 144, 81, 206, 257, 140, 85, 145, 82, 23, 207, 258, 141, 30, 24, 86, 146, 208, 259, 142, 31, 87, 147, 25, 209, 260, 32, 88, 148, 33, 26, 261, 89, 149, 27, 210, 262, 150, 34, 90, 28, 211, 263, 151, 35, 91, 29, 212, 264, 92, 152, 36, 213, 265, 153, 37, 93, 214, 266, 154, 94, 215, 267, 155, 95, 216, 268, 156, 96, 217, 269, 98, 157, 218, 97, 158, 270, 99, 38, 219, 159, 271, 100, 39, 220, 160, 272, 101, 40, 221, 161, 273, 102, 41, 222, 162, 274, 103, 42, 223, 163, 275, 104, 43, 224, 164, 276, 105, 44, 225, 165, 277, 106, 45, 226, 47, 166, 278, 46, 48, 227, 107, 279, 167, 108, 49, 228, 280, 168, 50, 229, 109, 281, 169, 51, 230, 110, 282, 170, 52, 231, 111, 283, 171, 53, 232, 112, 284, 172, 54, 233, 113, 285, 173, 55, 234, 114, 286, 174, 56, 235, 115, 287, 175, 236, 116, 288, 176, 177, 117, 118, 237, 57, 289, 178, 238, 58, 290, 179, 119, 239, 59, 291, 180, 120, 240, 60, 292, 181, 121, 241, 61, 293, 294, 295, 296, 297, 298, 299, 300, 301, 302]
    [0, 0, 0, 1, 1, 2, 2, 2, 3, 3, 3, 4, 4, 5, 5, 5, 6, 6, 7, 7, 7, 7, 8, 8, 8, 8, 9, 9, 9, 9, 9, 10, 10, 10, 10, 11, 11, 11, 11, 12, 12, 12, 12, 13, 13, 13, 13, 14, 15, 15, 15, 16, 16, 16, 17, 18, 18, 18, 18, 19, 19, 19, 20, 20, 20, 20, 21, 22, 22, 22, 23, 23, 23, 23, 23, 24, 24, 24, 25, 25, 25, 26, 26, 26, 26, 27, 27, 27, 27, 28, 28, 28, 28, 29, 29, 30, 30, 30, 30, 31, 31, 32, 32, 32, 32, 33, 33, 34, 34, 35, 35, 35, 35, 36, 37, 37, 37, 37, 37, 38, 38, 38, 39, 39, 39, 39, 40, 40, 40, 41, 42, 42, 42, 42, 43, 43, 43, 43, 44, 44, 45, 45, 45, 45, 46, 46, 47, 47, 47, 47, 47, 48, 48, 48, 48, 49, 49, 49, 49, 49, 50, 50, 50, 50, 51, 51, 51, 51, 52, 52, 52, 53, 53, 54, 54, 54, 54, 55, 55, 55, 55, 55, 56, 56, 56, 56, 56, 57, 57, 57, 57, 57, 58, 58, 58, 58, 58, 59, 59, 59, 59, 59, 60, 60, 60, 60, 60, 61, 61, 61, 61, 61, 62, 62, 62, 63, 63, 63, 64, 65, 65, 65, 65, 65, 66, 66, 66, 66, 66, 67, 67, 67, 67, 67, 68, 68, 68, 68, 68, 69, 69, 69, 69, 69, 70, 70, 70, 70, 70, 71, 71, 71, 71, 71, 72, 72, 72, 72, 72, 73, 73, 73, 73, 73, 74, 74, 74, 74, 75, 75, 76, 76, 76, 76, 76, 77, 77, 77, 77, 77, 78, 78, 78, 78, 78, 79, 79, 79, 79, 79, 80, 80, 80, 81, 82, 83, 84, 85, 86, 87, 88, 89]
Costo: 89 Semilla: 32 Tiempo: 0:15:13 hh:mm:ss Iteraciones: 200 Temperatura: 2000 Epsilon: 0.9 Decremento: 0.01